category	52w VS 8w (F)	52w VS 8w (M)	104w VS 52w (F)	104w VS 52w (M)	104w VS 8w (F)	104w VS 8w (M)
04744	0.000516006365780186	0.025996772643435	0.00639988559528193	1.30003971525926e-08	0.00019817878153651	1.948324848992e-10
04672	0.00466814765744721	0.0385452207832647	NA	2.28340062181861e-06	0.00037818368021751	0.000181131909654438
05322	NA	NA	NA	0.0297064788443386	0.00149924025667381	0.000490497260004847
04115	NA	NA	NA	NA	0.00149924025667381	0.00111546377456556
05310	NA	NA	NA	NA	0.00226818670884896	0.00199450038545633
05150	NA	NA	NA	NA	0.00515778015422822	0.0020690691531964
05323	NA	NA	NA	NA	0.00515778015422822	0.00557774090687953
04060	NA	NA	NA	NA	0.00710463560526835	0.00557774090687953
04110	NA	NA	NA	NA	0.0252002949215287	0.00635169291896198
05140	NA	NA	NA	NA	0.0282572868865627	0.00867431581090308
00670	NA	NA	NA	NA	NA	0.0108552656412336
00561	NA	NA	NA	NA	NA	0.0108552656412336
05145	NA	NA	NA	NA	NA	0.0191646284700658
05330	NA	NA	NA	NA	NA	0.0365636206623464
04360	NA	NA	NA	NA	NA	0.0365636206623464
05146	NA	NA	NA	NA	NA	0.045533501823379
