category	52w VS 8w (F, SPF)	52w VS 8w (F, GF)	52w VS 8w (M, SPF)	52w VS 8w (M, GF)	104w VS 8w (F, SPF)	104w VS 8w (F, GF)	104w VS 8w (M, SPF)	104w VS 8w (M, GF)	104w VS 52w (F, SPF)	104w VS 52w (F, GF)	104w VS 52w (M, SPF)	104w VS 52w (M, GF)
04672	0.00904508773727865	0.0450719395060615	0.00957875444779459	NA	6.84561911493093e-05	0.00962766217689819	3.64508729631138e-11	2.8373870838158e-07	NA	NA	1.4316784467038e-10	6.45240069069804e-05
04744	0.00904508773727865	NA	NA	NA	0.000198571977196667	0.00962766217689819	0.00233536849456344	2.8373870838158e-07	NA	NA	0.00261568674773692	0.000128113270758603
05150	NA	NA	NA	NA	0.0140005029058118	0.023715194407434	0.00233536849456344	0.0244426415740698	NA	NA	0.043757376341994	NA
04110	NA	NA	NA	NA	0.0142426542932284	0.0249027219300622	0.00565946982009504	NA	NA	NA	0.043757376341994	NA
05323	NA	NA	NA	NA	0.0151167462870981	0.0324196121978895	0.00985843496734936	NA	NA	NA	0.043757376341994	NA
04710	NA	NA	NA	NA	0.0215397716321165	0.0324196121978895	0.00985843496734936	NA	NA	NA	NA	NA
05310	NA	NA	NA	NA	0.0399599080320686	0.0407471654811567	0.0178670585923215	NA	NA	NA	NA	NA
00533	NA	NA	NA	NA	0.0403455324520456	NA	0.0178670585923215	NA	NA	NA	NA	NA
04115	NA	NA	NA	NA	0.0403455324520456	NA	0.0215021316226191	NA	NA	NA	NA	NA
04114	NA	NA	NA	NA	0.0453522731087159	NA	NA	NA	NA	NA	NA	NA
04514	NA	NA	NA	NA	0.0453522731087159	NA	NA	NA	NA	NA	NA	NA
05330	NA	NA	NA	NA	0.0453522731087159	NA	NA	NA	NA	NA	NA	NA
