GF VS SPF (8w)	GF VS SPF (52w)	GF VS SPF (104w)
0610009L18Rik	NA	-1.02390005691729	NA
Mettl26	NA	NA	0.784536726005891
Fmc1	NA	NA	0.685297313296201
1110006O24Rik	NA	NA	-1.38807665948841
1110008P14Rik	NA	NA	0.85745113825966
1500011B03Rik	NA	NA	0.650544212116996
1600010M07Rik	NA	NA	0.951208618584611
1600020E01Rik	NA	NA	0.79036683218032
1700007L15Rik	NA	NA	-1.18043647817511
1700008J07Rik	NA	NA	-0.865077036681902
1700011I03Rik	NA	NA	-1.37316437537991
1700025N23Rik	NA	NA	-2.72095647939904
1700037C18Rik	-0.651460760841334	NA	NA
Zfp974	NA	NA	-0.943751123671705
1700066B19Rik	NA	NA	-1.08217862316295
1700086O06Rik	NA	NA	-1.48027491877827
1700110C19Rik	NA	NA	-1.75289222767071
1700112E06Rik	-3.79451937187347	-3.68808452802515	-3.52272770570278
1810011O10Rik	0.889900342236306	0.786627711866249	1.64453027776388
2210406O10Rik	NA	NA	-5.05764098742098
2210408F21Rik	NA	0.685665781885487	0.969161493050759
2210408I21Rik	NA	NA	-1.36334840736615
2310022B05Rik	NA	NA	-0.694704628645002
2310036O22Rik	NA	NA	0.669378515138957
2510009E07Rik	NA	NA	-0.603481077504936
2610005L07Rik	NA	NA	-0.616439582760283
2610524H06Rik	1.18650505150832	NA	NA
2700038G22Rik	NA	NA	-1.67624311026587
2810429I04Rik	NA	1.28239403396008	NA
2810454H06Rik	NA	NA	-1.87495584758816
2900005J15Rik	NA	NA	-1.32681369159676
2900026A02Rik	NA	NA	-1.76390654052485
2900055J20Rik	NA	NA	2.22330049618758
2900060B14Rik	NA	NA	1.55397355700496
3000002C10Rik	NA	NA	-2.19161779029329
3110009E18Rik	NA	NA	0.682778307685105
3110056K07Rik	NA	-0.603163103514142	NA
3300005D01Rik	NA	NA	-4.79031186067005
4632427E13Rik	NA	NA	-0.777955447518847
4632428C04Rik	NA	NA	-2.22135283923861
4921511C10Rik	NA	NA	-1.89868999736586
4930447K03Rik	NA	-0.76900798915898	NA
4930473A02Rik	NA	NA	-1.3246597269167
4930506C21Rik	NA	NA	-3.16130929066329
4930507D05Rik	NA	NA	-3.32000272567132
4930511A08Rik	NA	NA	-4.16647668426127
4930512B01Rik	NA	NA	-2.27709766642557
4930539E08Rik	NA	NA	-2.51363532758794
4930563E22Rik	NA	NA	-1.93174581914511
4930579G18Rik	NA	NA	-1.77595231469718
4930594C11Rik	NA	NA	-1.68141421992442
4930599N23Rik	-0.731750761785402	NA	-1.24203088496374
4931402G19Rik	NA	NA	-1.06759032995916
4932438A13Rik	NA	NA	-0.730445570479423
4933421O10Rik	NA	NA	-1.17895025411863
4933431G14Rik	NA	NA	-1.51126804683771
4933432I03Rik	NA	NA	-5.45757668151705
4933433G15Rik	NA	NA	-3.09269677059877
5430402O13Rik	NA	NA	-1.24521276789043
5830428M24Rik	-19.1340607432988	NA	NA
5830454E08Rik	NA	NA	2.69764182419636
5930430L01Rik	NA	NA	-1.3080460643422
6230400D17Rik	NA	NA	-1.75385391686596
6330407A03Rik	-1.47476541241343	NA	NA
6430571L13Rik	NA	NA	-4.85397116726662
8030423J24Rik	NA	-1.41022005953418	-1.44309369722302
8430408G22Rik	NA	NA	-3.12019244287016
9330020H09Rik	NA	NA	-1.53039352610018
9330151L19Rik	NA	NA	-1.33043010790979
9330175E14Rik	NA	NA	-2.13795384384808
9430015G10Rik	NA	NA	0.804801450872931
A430046D13Rik	NA	NA	0.843145242542485
A430093F15Rik	NA	NA	-4.8434105438845
A530088E08Rik	NA	NA	-0.855458969212898
A630066F11Rik	NA	NA	-1.40681580581636
A630072M18Rik	NA	NA	-0.814011843578579
A830052D11Rik	NA	NA	-0.854381203805405
A830080D01Rik	NA	NA	-0.915245066769612
A930007I19Rik	NA	NA	-1.85423844729397
A930013F10Rik	-1.31443662964834	NA	NA
AA413626	NA	NA	-4.78993388594009
AA415398	1.28395360686865	NA	NA
AA543186	NA	NA	-1.76541833094045
AI846148	NA	NA	0.585843803261566
AW549877	NA	NA	-0.755751339692247
Aamdc	NA	NA	0.585844567523664
Abat	NA	NA	-5.29026635142315
Abca1	NA	NA	-0.720694960591405
Abca2	NA	NA	-1.10838770444378
Abca7	NA	NA	-0.93793571494754
Abcb1b	NA	NA	-0.651513001730931
Abcb4	NA	NA	-0.726817103941585
Abcb9	NA	NA	-0.849558399227018
Abcc1	NA	NA	-0.948817394918591
Abhd15	NA	0.703298435271666	NA
Ablim2	3.20482175591032	NA	NA
Abtb1	NA	NA	0.667282134665412
Acacb	NA	NA	5.36501394646343
Acad10	NA	NA	-1.17274582882718
Acap2	NA	NA	-0.675278244521629
Acbd4	NA	NA	1.37803592069468
Ace	-22.7853802690581	NA	NA
Acot7	NA	NA	0.975864522891141
Acsf2	0.69010375523217	NA	NA
Acss1	NA	NA	-0.613470098494417
Acss2	1.41103237413735	NA	NA
Actg1	NA	NA	-0.687194659179284
Actr2	NA	NA	-0.685148961517685
Acy3	NA	NA	3.84218611263987
Ada	0.907232872825896	0.911870996993068	-0.760619325672904
Adam1a	NA	NA	-6.13658990988502
Adamts16	NA	-0.96306842408264	-1.4127825766545
Coq8a	NA	NA	0.664999028274828
Adck5	NA	NA	0.651799311214407
Adcy3	NA	NA	-1.46237189805723
Adcy8	-1.40277753649013	-1.06679477903467	NA
Adgb	NA	NA	-5.75071020575766
Adhfe1	NA	NA	-1.03132430087691
Adk	NA	NA	0.623718339566954
Adnp2	NA	NA	-0.964295773347635
Adora1	NA	1.70476121863345	NA
Adra2a	NA	NA	-1.44600420718478
Adrb1	NA	0.742378633751872	0.926120444431086
Grk3	NA	NA	-1.00467333430279
Afap1	NA	NA	-0.97119046819837
Aff4	NA	NA	-0.616966655622261
Afmid	NA	-0.86574587678392	-0.845528286113124
Agbl3	NA	NA	-0.813227817392245
Agl	NA	NA	-0.759372053151805
Ago2	NA	NA	-0.765552308743864
Ago3	NA	NA	-0.775326493776171
Agps	NA	NA	-0.808502885821285
Akr1e1	-0.640461112515408	-0.893263926997476	NA
Alb	NA	NA	-3.22502587950276
Aldh18a1	NA	NA	-0.775305099899887
Aldh1a3	-3.31627623273046	NA	-5.24277960903734
Aldoc	NA	NA	-1.12784696109202
Alox5	NA	NA	0.600018370315278
Amer2	NA	-0.610801619731253	NA
Ammecr1	NA	NA	-1.50535345114973
Anapc16	NA	0.731913126263507	1.31273834982278
Ang	NA	NA	0.958313896936879
Angpt4	NA	NA	-5.56950174210456
Ank2	NA	NA	-0.658897315275139
Ankfy1	NA	NA	-0.652550235429039
Ankib1	NA	NA	-0.745542932090913
Ankrd13b	NA	NA	1.87695611485939
Slf1	NA	NA	-1.00656370441721
Ankrd34b	NA	NA	-5.68806453464403
Ankrd37	NA	NA	-0.996686972722651
Ankrd50	NA	NA	-0.82336063630565
Antxr2	2.08408047079474	NA	NA
Anxa1	NA	NA	-5.81816389398244
Ap1s2	NA	NA	0.612288942596488
Apba1	NA	NA	-0.6727757445983
Apbb2	NA	NA	-0.764242259638303
Apln	NA	NA	-6.80138806521449
Apoa2	NA	NA	2.96823171281242
Apobec2	-0.761151381455511	NA	NA
Apoh	-19.0248255184724	NA	NA
Arap2	NA	NA	-1.06989858587576
Arfgef1	NA	NA	-0.691804562775188
Arhgap31	NA	NA	-0.636662513978345
Arhgap32	NA	NA	-1.06570677300934
Arhgap35	NA	NA	-0.703963907357734
Arhgap5	NA	NA	-0.971842158205494
Arid3a	NA	NA	-0.595461785518837
Arl5b	NA	NA	-0.912585272911812
Arl5c	NA	NA	-0.895817230701716
Arl8a	NA	NA	0.751628683429287
Armc3	-0.654561509381767	NA	NA
Arnt2	NA	NA	-3.28730949565676
Arntl	NA	0.952497842502067	0.944419836382575
Arrb2	NA	NA	0.786081699433881
Arrdc2	NA	NA	0.641839725860925
Asb2	NA	-0.614344533587659	NA
Ascc3	NA	NA	-1.06974167170813
Ascl2	NA	NA	0.597194182935226
Asns	NA	-2.14710925813798	NA
Asph	NA	NA	-0.600633235459508
Atad2b	NA	NA	-0.942991122562461
Atf7	NA	NA	-0.722189107229365
Atf7ip	NA	NA	-0.997788503861607
Atg16l2	NA	1.00952431598408	0.890088821540975
Atp13a3	NA	NA	-0.95014816538892
Atp5k	NA	NA	0.664245923996433
Atp6v0a2	NA	NA	-0.80220767821001
Atp8a1	NA	NA	-0.600199340740928
Atr	NA	NA	-0.856237224808629
Atrn	NA	NA	-0.596697793406383
Atxn1	-0.761354798446217	NA	-0.733863157584841
Aurka	NA	-1.36527333286871	NA
Avl9	NA	NA	-0.718191489120751
Axl	NA	-0.985913411591155	NA
B3galnt1	0.592361919676856	0.834850190951173	NA
B4galt5	NA	NA	-0.824550406554338
B9d1	NA	NA	-2.24794523019759
B9d2	NA	NA	0.658231851468452
BC020402	NA	NA	-1.77392208312766
BC025920	NA	NA	-3.41238554472285
BC029214	NA	NA	0.724295151570849
BC037704	NA	NA	-2.18422929742094
Bach1	NA	NA	-0.791716852517252
Bag3	NA	NA	0.587920599297129
Bank1	NA	NA	-1.03322850134948
Baz2a	NA	NA	-1.26305981984117
Bbs10	NA	-0.856568516985344	NA
Bcan	NA	NA	-4.75271112117698
Bcas1	NA	NA	-5.2459930222217
Bcl2	NA	0.94736352940669	NA
Bcl2a1d	NA	NA	0.953933339276079
Bcl3	NA	-1.30200139544174	NA
Bcl6b	NA	NA	-2.62898336758589
Bcl7c	NA	NA	0.689202631886135
Bend6	NA	-0.596045841132212	NA
Bik	NA	NA	1.2947582019381
Birc5	NA	-1.79997790273593	NA
Birc6	NA	NA	-0.929801125567405
Blm	NA	NA	-1.58990845708008
Bmf	NA	NA	0.919175782811183
Bmp2k	NA	NA	-0.832295734232248
Bmyc	NA	NA	0.644413796271746
Brca1	NA	NA	-5.74691082957298
Brwd3	NA	NA	-1.82968661842201
Btaf1	NA	-0.637090311294577	-1.05154247223021
Btbd7	NA	NA	-0.901294492631647
Bub1	NA	-3.70932058664961	NA
C030034I22Rik	NA	NA	-1.15949418424327
C030034L19Rik	NA	3.370656742861	NA
C130026I21Rik	NA	NA	2.36780961763032
C130050O18Rik	NA	-0.596777317254713	NA
C1rl	NA	-0.706036228147441	-1.1023235234901
C5ar1	NA	NA	0.753029862509119
C77080	NA	NA	-3.30425516031579
Cacna1d	NA	NA	-0.819693360394363
Cacna1s	-1.30616335304258	NA	NA
Cacnb2	NA	-0.586075678075568	-0.858985129900837
Cahm	NA	NA	-0.639486169955015
Calm3	NA	NA	0.669769960582054
Camk2a	NA	-0.721537328259384	-1.54845286973797
Camk2b	2.61453298193074	NA	1.20520008298077
Camp	16.6443174623304	-7.21260958319794	-13.3556825376696
Camsap2	NA	NA	-0.716017930018478
Canx	NA	NA	-0.588296626146088
Capn1	0.923840310339897	0.686605476637985	0.785182796738125
Capn5	NA	NA	4.44928308632417
Car14	NA	NA	-5.55590176263777
Car2	NA	NA	3.19428060767773
Car7	NA	NA	-1.17322833069624
Carhsp1	0.83122523581435	NA	NA
Cass4	NA	NA	-0.912915952273358
Cav1	NA	-1.84353640035707	NA
Cav2	NA	-0.746176664722973	-0.991348459770618
Cbl	NA	NA	-1.49964645247401
Cblb	NA	NA	-0.651842341391662
Cbr3	NA	NA	1.08644376198858
Cbx5	NA	NA	-0.824835339612434
Ccdc109b	1.79510742353684	NA	NA
Ccdc122	NA	NA	-0.775301295634822
Ccdc15	NA	NA	-1.14753503363371
Ccdc152	NA	NA	-2.45472763885571
Ccdc155	NA	NA	-4.44319146545499
Ccdc17	NA	NA	-0.999082916127447
Ccdc50	NA	NA	-0.852111365895541
Ccdc66	NA	NA	-1.00824180470168
Ccdc71	NA	NA	-0.602499535801825
Cck	NA	NA	-2.62849732156481
Ccl12	NA	NA	-0.945188930065708
Ccna2	NA	-2.19662347982066	NA
Ccnb1	-2.7880958867061	-1.48454662569169	NA
Ccnb2	NA	-1.86461732370355	NA
Ccnd1	-0.796954888876993	-0.832405254362787	NA
Ccnd3	NA	NA	1.00696167973275
Ccne2	NA	-2.04233429355955	NA
Ccnjl	NA	NA	2.80610022171129
Ccnk	-0.759222226633376	NA	NA
Ccp110	NA	NA	-1.74593784144912
Ccr3	NA	NA	-1.64562464914619
Ccr5	NA	NA	-0.630299336626367
Ccr6	NA	-1.48170038926371	NA
Cd14	NA	NA	0.646787557667427
Cd151	NA	NA	1.58477693382868
Cd177	NA	NA	-26.7175262286287
Cd180	NA	-1.04633450066304	-1.25909973482004
Cd1d1	NA	0.788065241800481	NA
Cd209a	NA	NA	-7.53907617260639
Cd276	NA	NA	-0.873756515543021
Cd300lf	NA	1.10861427112659	NA
Cd33	NA	NA	-0.666160709756836
Cd5	NA	NA	-2.03444332012044
Cd52	-0.800114320908477	-0.908258883052925	NA
Cdc14a	NA	NA	-0.868854203633454
Cdc20	NA	-1.2664508898	NA
Cdc42bpa	NA	NA	-1.03688319342027
Cdc42ep1	1.63161960299509	1.49099645798824	1.86569589936598
Cdca2	NA	-2.08048753367195	NA
Cdca5	NA	-1.85141875964729	NA
Cdca7	NA	NA	-0.656518341655566
Cdh5	NA	NA	-3.91647686457373
Cdk13	NA	NA	-0.597216167937153
Cdk5rap1	1.05355713095291	1.07942012587077	1.44661592611845
Cdk6	NA	NA	-0.663921358262713
Cdk8	NA	NA	-0.665547537241179
Cdkn1a	NA	-1.10725004958991	NA
Cdkn2c	NA	NA	0.679858948035016
Cebpb	NA	NA	1.09610298044981
Cenpc1	NA	NA	-0.656307617381616
Cenpm	NA	-2.7961834499825	NA
Cep135	NA	NA	-1.12416963424546
Cep170	NA	NA	-0.787778389758205
Cep192	NA	NA	-0.817366090816327
Cep350	NA	NA	-0.600596480719008
Cep41	NA	NA	-0.90339029569143
Cep85l	NA	NA	-1.19753451923264
Cep89	-0.831674299817426	NA	NA
Cers6	NA	NA	-1.04066713937806
Chad	NA	NA	-1.02864028223847
Chaf1a	NA	-1.85186212623573	-2.08136921834869
Chaf1b	NA	NA	-2.20656755625744
Chd9	NA	NA	-0.861547072520738
Chek1	NA	NA	-4.8638128111469
Chil1	NA	NA	-2.9076756494231
Chil3	NA	5.36531187134992	-24.4809632447203
Chml	NA	NA	-0.894061083728449
Chst1	-0.611089525311712	NA	NA
Chst11	NA	NA	-0.728403213939145
Chst15	NA	NA	-0.828996744493175
Chtf8	NA	-0.614316749089589	NA
Cir1	NA	NA	0.952879829518261
Cisd3	NA	NA	0.827702290730602
Ckap2	3.73765425042368	NA	NA
Ckap2l	NA	-1.14155979354574	NA
Clasp1	NA	NA	-1.02301863639418
Clasp2	NA	NA	-0.820965649611647
Clcn5	NA	NA	-0.994104101756944
Clcn6	NA	NA	-1.28883759584874
Cldn1	NA	NA	-4.12318005332697
Clec11a	NA	NA	-1.49955975729497
Clec12a	NA	NA	-4.22270759287237
Clec7a	NA	-0.636377064571865	NA
Clic4	NA	NA	-0.862283594100431
Clic6	-20.381349399835	NA	NA
Clip1	NA	-0.778088027168345	NA
Clip2	NA	NA	-0.999517003698303
Clmp	NA	NA	-2.38608999648702
Clock	NA	NA	-0.613753176350018
Clspn	NA	-3.36981651500479	NA
Cltc	NA	NA	-0.595353989298248
Clu	NA	NA	-4.4544662355329
Cluh	NA	NA	-0.611338102711142
Cmas	NA	0.62297807851009	0.780010115088303
Nat8f1	NA	NA	0.943300642984986
Cnot1	NA	NA	-0.619752787875601
Cnot6l	NA	NA	-0.66300260768983
Cntrl	NA	NA	-1.04467286099699
Col6a3	NA	NA	-1.17171536743141
Col8a2	NA	NA	-5.75332587072753
Cotl1	NA	NA	1.06063130057259
Cox17	NA	NA	0.682035100546512
Cox6a1	NA	NA	0.675973585110254
Cpd	NA	NA	-1.19848717245168
Cpeb4	NA	NA	-1.25849691043484
Cpne9	NA	NA	2.78548214677248
Cpq	NA	-1.24314382617102	NA
Cpxm1	NA	NA	14.3007915374789
Cracr2b	NA	NA	0.618874800945715
Creb3l4	17.4533428869246	NA	NA
Crip2	NA	NA	-3.23078144356983
Crybb1	NA	NA	1.01363998903413
Csf2rb2	NA	NA	-0.646132948032398
Cspg5	NA	NA	-3.36495715898641
Csrp1	NA	-1.14629321486361	-1.26502222202294
Cst7	NA	-1.56208632398577	-1.01954870786484
Cstf3	NA	NA	-0.621872492265673
Ctc1	NA	NA	0.607438183690892
Ctla2b	NA	NA	0.863221089450814
Ctnnd1	NA	NA	-0.62454496953371
Ctse	4.93443365870568	2.67514284345543	2.16856051766271
Cxcl10	NA	-1.77578800533434	-2.23813830912966
Cxcl13	-4.79435039446875	NA	NA
Cyb561a3	NA	-0.64099588011843	-0.758004074456066
Cyb5rl	NA	NA	-0.635739671948187
Cyld	NA	NA	-0.680882666190525
Cyp4f16	0.937527817576689	1.02342206084876	NA
Cyp4f18	NA	NA	1.4239616477343
D030047H15Rik	NA	NA	-3.912556997472
D10Jhu81e	NA	NA	0.70787145173103
Fam91a1	NA	NA	-0.63226603300932
D16Ertd472e	-1.43043320273398	-1.35189037210258	-2.02470261997054
D17H6S56E-5	NA	NA	-0.842040735520075
D330041H03Rik	NA	NA	-2.25593193788888
D330045A20Rik	NA	1.12682015670019	NA
D330050G23Rik	NA	NA	-5.05852774101948
D5Ertd605e	0.59938903716671	NA	NA
D630045J12Rik	NA	-0.778634475786667	NA
D730005E14Rik	NA	NA	-1.04761900447968
D7Ertd443e	NA	NA	-2.35371910980987
Dand5	NA	NA	0.685451824453771
Dapk1	NA	NA	-1.27266012735278
Dbi	NA	NA	0.671024475289212
Dbndd1	NA	NA	-4.97799664939884
Dbndd2	NA	NA	0.600819834203191
Dbp	NA	-1.49510431996901	NA
Dcbld2	NA	NA	-0.633231589297087
Dclk1	NA	NA	-5.62182390603621
Dcp1a	NA	NA	-0.806586726974819
Dcp2	NA	NA	-0.640760496127797
Dctn3	NA	NA	0.585930697237376
Dctpp1	NA	NA	0.671937521653572
Ddit4	2.59105696834285	3.57175410702507	1.58640822879049
Ddx17	NA	-0.643404757846596	NA
Ddx23	NA	NA	-1.08303563181874
Ddx3y	NA	NA	1.58280117996095
Ddx41	NA	NA	0.617226468723713
Ddx43	NA	NA	-1.44411313308767
Ddx60	NA	NA	-1.46650950550098
Deaf1	NA	NA	0.597449668186228
Degs2	NA	NA	-1.77749310118164
Dennd2a	NA	NA	-0.658318550080309
Deptor	NA	NA	0.699126203703107
Dexi	NA	NA	0.623308423652537
Dfna5	NA	NA	-0.793660059242616
Dgkd	NA	NA	-0.810678606433459
Dhcr24	NA	-4.40897268989667	NA
Dhcr7	NA	-0.599778346112573	NA
Dhx57	NA	NA	-0.814084199983272
Diap2	NA	NA	-0.879209609521822
Dicer1	NA	NA	-1.08284868795544
Dido1	NA	NA	-0.690107546876544
Dis3	NA	NA	-0.59539651824294
Dlc1	NA	NA	-1.05563365741272
Dlec1	NA	NA	-2.73017254878083
Dleu2	NA	NA	0.834277237109222
Dlg5	-2.9231980255994	NA	NA
Dmxl1	NA	NA	-1.70821786698661
Dmxl2	NA	NA	-1.20966060422758
Dnaaf3	NA	-1.02728652537099	NA
Dnajc16	NA	NA	-0.641703980303556
Dnajc25	NA	NA	0.615043535923019
Dnase1l1	NA	0.879213200628977	NA
Dnmt3a	NA	NA	-0.832626651670533
Dnpep	NA	NA	0.64950531562844
Doc2a	NA	NA	0.775718798859335
Dock1	NA	NA	-0.826775168113366
Dock5	NA	NA	-5.20540786036162
Dock6	NA	NA	-2.25752370260055
Dock7	NA	NA	-1.10356004156144
Dok3	NA	NA	1.21826728954228
Donson	NA	NA	-0.808486268149872
Dpm3	NA	NA	0.851841135453373
Dpp8	NA	NA	-0.657870624151381
Dpy19l3	NA	NA	-0.98310719753699
Dpy19l4	NA	NA	-0.623256743360788
Dpysl2	NA	NA	-0.710695912837467
Drap1	NA	NA	0.61462229073722
Dsel	NA	NA	-0.993184033731412
Dsn1	NA	NA	-0.969070709879673
Dsp	NA	NA	5.18296277241364
Dtl	-4.24715524187489	-4.30508545734673	-3.0891131425223
Dtwd2	NA	0.629200860419139	NA
Dtx3l	NA	NA	-0.60657217293825
Duoxa1	NA	-1.284903408869	-0.995723242652758
Dusp1	NA	2.10776072951595	1.4507389082912
Dusp27	NA	NA	-0.777722971718578
Dusp28	NA	NA	0.814349501287462
Dusp9	4.0683725190675	NA	-4.63569298958628
Dut	NA	-0.616450766932171	NA
Dync2h1	NA	NA	-1.76443962341988
Dynlt1b	1.1859827473374	1.09376413951368	1.3136745038931
Dyrk1a	NA	NA	-0.623511066604881
E130317F20Rik	NA	NA	-1.03504765961468
E230013L22Rik	NA	-0.736733101448908	NA
E2f1	NA	-1.12882403009871	NA
E430025E21Rik	NA	NA	-0.631978790180815
E4f1	NA	NA	0.854897833041157
Ebi3	NA	-0.80347616981519	-0.734617801398832
Ecel1	-15.2329382583756	NA	NA
Edem3	NA	NA	-0.732392873369286
Efcab6	NA	NA	-4.42274474728144
Efcab7	2.04166775293201	1.98018599554602	NA
Efhd1	NA	NA	-5.4988521394549
Egf	NA	NA	-3.30233959604256
Eif4a1	NA	NA	0.605346320195471
Elavl4	NA	-1.10820537000676	-1.10412548381214
Eldr	NA	NA	-4.68921359512977
Elovl7	-6.42425485592174	NA	NA
Emd	NA	NA	1.02406609077301
Emilin2	NA	3.03771162578017	NA
Eml2	3.01259647546343	NA	NA
Eml6	NA	NA	-0.878815549772585
Emp3	0.641767282418595	NA	1.07665847624222
Enam	NA	NA	-4.21301903747141
Ep300	NA	NA	-0.711842497111299
Epg5	NA	NA	-0.702915491576569
Epm2aip1	NA	NA	-1.06161323080677
Ercc1	NA	NA	0.74791439993281
Erdr1	-2.03752517537628	NA	NA
Eri2	NA	NA	-0.865297312445021
Ero1lb	-1.44614478714495	-1.25563591964013	-1.28035584273097
Esco2	NA	-2.99043495593256	NA
Esrrg	NA	NA	-4.36968891921487
Ethe1	NA	NA	0.702890339088175
Etv1	NA	-0.625600437335483	NA
Etv4	NA	NA	-3.14790597620655
Etv6	NA	NA	-0.661523818502987
Eva1b	NA	NA	0.772260828685842
Evi2a	NA	-0.602949347656617	-0.727363645567371
Ewsr1	NA	NA	-0.611504673490328
Exoc5	NA	NA	-0.588238597992574
Exoc6b	NA	NA	-0.902875935845471
Exosc6	NA	NA	0.620428256415415
Eya4	NA	NA	-1.65539026165406
Ezr	NA	NA	1.11680135840973
Fam126a	NA	NA	-0.698624262461915
Fam129a	NA	NA	-0.99905713138019
Fam167a	NA	NA	-5.82372633695243
Fam168a	NA	NA	0.610801057192754
Fam198b	NA	NA	-5.84099692242179
Fam199x	NA	NA	-1.2422371278224
Fam208a	NA	NA	-0.690007498938524
Fam208b	NA	NA	-0.664589098003193
Fam20c	NA	-0.686221900463981	NA
Fam213a	NA	-0.703159259361832	NA
Fam217b	NA	NA	-0.592830784723233
Fam26f	-0.688445427885091	-0.744773882403606	-0.650351652050931
Fam43a	NA	1.23365038012734	1.33013086034065
Fam46b	15.9701096391349	NA	NA
Fam46c	NA	NA	-0.679042411884672
Fam53b	NA	NA	-0.587426096717537
Fam83d	-17.1595041763855	NA	NA
Fam92a	NA	NA	-0.718035615352799
Fan1	NA	NA	-0.848215604547736
Fancd2	NA	NA	-2.49736879549661
Far2	NA	NA	-2.02117644602395
Fat3	NA	NA	-1.76428278323831
Fblim1	NA	-0.729645511847591	NA
Fbrsl1	NA	-0.599177488459631	-0.594676071383556
Fbxl12	NA	NA	0.874172056036129
Fbxl18	NA	NA	-1.06302562239422
Fbxo17	NA	NA	1.8274292140627
Fbxo2	NA	NA	-4.4734744024214
Fbxo30	NA	NA	-1.13009088597237
Fbxo40	NA	-3.43917875495032	-4.14486404340639
Fbxo42	NA	NA	-0.62590450522837
Fbxo45	NA	NA	-0.657592971514148
Fbxo48	NA	NA	-4.2645099948807
Fcgr3	NA	NA	0.728828786424178
Fchsd2	NA	NA	-0.954702425934026
Fcnb	12.1783453968907	NA	-17.8216546031093
Fcrls	NA	-0.619359775613424	-0.640668608785457
Fem1b	NA	NA	-0.887456663492137
Fem1c	NA	NA	-0.699683987918367
Fgfbp3	NA	-1.90628051948412	NA
Fgl2	NA	NA	-1.39170671964654
Fgr	NA	NA	-0.960797872474498
Fhl4	NA	NA	-3.1251827435655
Fignl1	NA	-1.68327314549787	NA
Fkbp5	0.969573603328415	1.79352459895559	1.92966911800667
Flnb	NA	NA	-1.0046734329754
Flt3	2.14243810965036	NA	NA
Fmn1	NA	NA	-1.09541778653936
Fmr1	NA	NA	-0.617481009471158
Fnbp4	NA	NA	-0.627116052580059
Fndc4	NA	1.02148904387132	NA
Fnip2	NA	NA	-1.03023553609553
Foxj1	18.7067976527811	NA	NA
Frat1	NA	NA	0.955919191019799
Frat2	0.68890209219276	NA	1.14248288185891
Frmd4b	NA	NA	-0.68350628447195
Frs2	NA	NA	-0.788006776053361
Fry	NA	NA	-0.99253547483379
Fryl	NA	NA	-1.23124741507566
Fus	NA	NA	-1.22149919604094
Fxn	NA	NA	0.791160317773431
Fxyd5	NA	NA	0.964715916156129
Fzd6	NA	NA	-5.56771488226097
G2e3	NA	NA	-0.879165634866122
G530011O06Rik	-2.46777505145833	-2.51607503843662	-1.48069361606171
Galnt4	NA	NA	-0.719088930608488
Galnt6	1.0408690123992	1.0349076521307	NA
Gas6	NA	NA	-0.810723921136793
Gbf1	NA	NA	-0.601146464943377
Gbp5	NA	NA	-1.76772256648747
Gbp6	-2.79910342944337	NA	-3.13682784648726
Gca	NA	NA	-0.641918784554892
Gcm2	NA	-6.88714063489484	NA
Gcn1l1	NA	NA	-0.776756480203386
Gcnt2	1.26474516852926	0.614344442495365	NA
Gdap10	NA	NA	-1.45951514817396
Gemin5	NA	NA	-0.596904405333499
Gfod2	NA	0.775524428317109	NA
Ggnbp2os	NA	NA	-0.862265751047405
Gins2	NA	NA	-0.784156683223803
Glrp1	NA	NA	-0.712208124403353
Gls	NA	NA	-0.895015120596532
Gltscr1	NA	NA	-0.756072142476114
Glul	NA	NA	0.764925807003329
Gm10578	NA	NA	-3.11316595837456
Gm10677	NA	NA	-1.96702492975857
Gm10785	NA	NA	-2.69931360081751
Gm11545	NA	NA	-0.887056403214371
Gm12522	NA	NA	-1.00500285098832
Gm13710	NA	-2.09460748913595	-2.4155861947951
Gm13889	NA	-0.913964946785135	-0.744723996515357
Gm14325	NA	NA	-0.749267152627335
Gm15800	NA	NA	-0.965928004900253
Gm15850	NA	-1.72801352751399	NA
Gm16576	NA	NA	-1.24616537348392
Gm16617	NA	NA	-1.10291671035252
Gm1821	NA	NA	0.925393125521833
Gm19434	NA	NA	-19.0742104463868
Gm20199	NA	NA	-1.50289500015147
Gm2027	NA	NA	-2.83750722821871
Gm20300	NA	NA	-0.719108535480507
Gm29811	NA	NA	-1.9365543302857
Gm3002	NA	NA	-1.39614429865488
Gm3230	NA	NA	-1.04091522854131
Gm3414	NA	NA	-1.42057428296888
Gm3716	NA	-1.7148485814627	-3.48035028301295
Gm4532	NA	NA	-2.74001660287028
Gm4841	3.42371421836503	NA	NA
Gm4890	NA	NA	-1.92323992806863
Gm5069	NA	-1.3192900990087	NA
Gm5544	NA	NA	-1.67371254058424
Gm5547	NA	NA	-2.29599501049741
Gm6297	NA	NA	-4.72759227964448
Tmem267	NA	NA	-1.68690617774781
Gm7694	NA	NA	-1.19486613350976
Gm8013	NA	NA	-2.22625984612281
Gm826	NA	-1.50997670792585	-2.09628264692608
Gm9958	NA	NA	-2.2182670398342
Gnb1l	NA	NA	0.647603257470744
Gpam	NA	NA	-0.763669986983855
Gpatch2	NA	NA	-0.729640639297582
Gpc4	NA	NA	-5.73311288125023
Gpd1	NA	0.821771282491857	1.41854702789441
Gpld1	NA	NA	-1.10219533327668
Gpr137b	1.2540833215318	1.22806045517819	0.83777460865566
Gpr137b-ps	-3.04052072552905	-2.99498038382014	-3.24784001029507
Gpr162	NA	NA	-1.00831059426577
Gpr18	NA	1.81235543233992	NA
Gpr65	1.29833171169575	0.73391948782029	1.14144356696838
Gpr68	NA	NA	-3.82999289819882
Gpr84	NA	-1.00095016291773	-0.832009377862994
Gprasp2	NA	NA	-0.601300499705976
Grik4	NA	NA	-4.95569494139902
Grin3b	NA	NA	-3.01196932475403
Grm3	NA	NA	-4.7100764442618
Gstk1	-0.588079523595319	NA	NA
Gstm1	1.03790751267436	0.653234223978355	0.679795802309756
Gsto2	NA	-1.36483785656343	-2.73517806042126
Gtf2a1	NA	NA	-0.648365210626953
Gtf2ird1	NA	NA	-1.04859784418317
Gtf3c4	NA	NA	-0.740486314514842
Guf1	NA	NA	-0.680156603726549
H2-Ab1	NA	NA	-0.979406196242102
H2-DMb2	NA	NA	0.617479539698624
H2-Eb1	NA	NA	-1.89073547106704
H2-Q5	NA	-1.5214413667144	NA
H2afx	NA	NA	0.694160516693047
Hacd1	NA	NA	0.720481256905477
Hagh	NA	NA	0.633545101682473
Haus8	NA	NA	0.594525291720136
Hcfc1	NA	NA	-0.660733066414749
Hdac6	0.929352406638431	NA	NA
Heg1	NA	NA	-3.34272041788043
Hells	NA	NA	-2.74147324593622
Helz	NA	NA	-0.599539575141699
Herc1	NA	NA	-1.06179400306669
Herc3	NA	NA	-1.36197514563862
Hexim1	NA	NA	1.08496024818177
Hhat	NA	NA	0.950332452864882
Hif1a	NA	NA	-0.868183963485847
Hif3a	NA	NA	3.59183966595496
Hipk2	NA	NA	-0.595748236935843
Hipk3	NA	NA	-0.747969368181732
Hist1h2ac	NA	NA	-2.20871536476834
Hist1h2ba	4.3890885601148	NA	4.50434957047645
Hist1h2bc	-0.675518400138161	-0.937920069330374	NA
Hist1h4c	NA	-1.62321604192231	NA
Hist3h2ba	NA	NA	2.3069998482575
Hist4h4	NA	NA	2.62590927096076
Hivep2	NA	NA	-1.76999302120458
Hivep3	NA	NA	-0.654096401821052
Hook3	NA	NA	-0.603644054056177
Hoxa9	18.6129909950257	NA	NA
Hp	NA	6.51335104413088	-24.3060920772346
Hpcal4	NA	NA	-6.18640906834459
Hpgd	NA	NA	0.713622629238764
Hpn	-0.742382864911121	NA	-0.894293800051892
Hsd11b1	NA	NA	-6.20306312928155
Hspa12a	NA	NA	-1.447117672987
Hspa1b	NA	NA	3.42522333705379
Hspbap1	NA	NA	0.587817407899721
Htr2b	NA	NA	-5.36751681807109
Htra3	1.08233303294427	1.05435114207701	1.1612165401408
Htt	NA	NA	-1.5455804302143
Iars	NA	NA	-0.596268930393576
Ica1l	NA	NA	4.42708370616309
Icam2	1.35433350784669	NA	0.851353038672917
Ice2	NA	NA	-1.18208102747901
Ide	NA	-0.679786261179203	NA
Ier2	0.831603099914688	1.06075855935635	0.862253470342044
Ier3	NA	0.651503825128766	NA
Ifi27l2a	NA	-1.04949222528795	NA
Ifit1	NA	-1.3158074904189	NA
Ifit2	NA	-1.18219327014389	-0.941584528585513
Ifit3	NA	NA	-0.909296161961315
Ifit3b	NA	-1.02768908705549	NA
Ifitm3	NA	-1.02325961773619	NA
Ifrd1	NA	NA	0.727222642803194
Ift43	NA	NA	0.916268949087418
Igf1	2.62333297589766	NA	NA
Igfbp4	NA	NA	-0.675450286969967
Igsf6	NA	NA	0.6341101342759
Ikzf4	-17.6361322467234	NA	NA
Il12rb2	NA	-1.31803212386852	NA
Il15ra	NA	1.22436389919064	0.866009215136208
Il1a	NA	NA	-0.666051607438059
Il1rl1	NA	NA	-1.02887512657715
Il1rn	NA	-2.48459010017842	NA
Il2rg	NA	-0.737658062602046	NA
Il6st	NA	-1.16843703832353	-1.50304769900556
Il7r	NA	0.713228339063678	NA
Immp2l	NA	NA	-0.733309140530904
Impad1	NA	NA	-0.658918652052689
Inafm1	NA	0.633261225072204	0.894335292983441
Inf2	NA	NA	2.47958236659892
Ino80dos	NA	NA	-0.924130923936379
Inpp4b	NA	NA	-1.17913691941275
Ints1	NA	NA	-0.742777293448593
Ints7	NA	NA	-0.962535302811301
Iqch	NA	NA	-4.15463795704708
Iqgap3	NA	NA	-0.69332802396254
Iqsec1	NA	NA	-0.916391879048705
Irf2bp2	NA	NA	-0.695524650699951
Irf7	NA	-0.712470429565156	NA
Ispd	NA	NA	-4.26615382457428
Itga9	NA	NA	-0.664422251757978
Itgal	6.48472543553015	NA	NA
Itgav	NA	NA	-0.834241315389743
Itgb2l	NA	NA	-6.93923007736395
Itgb3	NA	NA	-1.10942746393875
Itgb3bp	NA	-0.681435864442766	NA
Jag2	NA	NA	-0.833837455991424
Jak3	NA	-0.607321831290153	-0.612378308966171
Jdp2	1.07453314247943	1.10553933276633	1.6161032113824
Josd2	NA	NA	0.725164023825729
Jpx	NA	NA	-1.12030183999174
Jun	NA	NA	0.825535697066802
Kat2b	NA	NA	-0.770924097719916
Kat6a	NA	NA	-0.822183076688704
Kat6b	NA	NA	-1.28938823777988
Kcnh4	NA	NA	-4.94611601558284
Kcnip4	NA	NA	-2.45049307757683
Kcnj2	NA	NA	-0.713216783272944
Kcnj8	-18.3635308550145	NA	NA
Kcnma1	-0.630005881144258	NA	-0.615497174515335
Kcns2	-20.7455484122767	NA	NA
Kcnt1	NA	NA	9.15782186857975
Kctd11	NA	NA	-0.661145568989116
Kctd19	25.2381464875288	NA	NA
Kdm3a	NA	NA	-0.688604277381164
Kif13a	NA	NA	-0.865923614766876
Kif15	NA	NA	-1.97513787199778
Kif18a	NA	NA	-2.78754076940209
Kif22	NA	-1.97663239057533	NA
Kif23	NA	-3.35779850662304	NA
Kif3b	NA	NA	-0.779432657188275
Kif5a	NA	NA	-4.04353837335766
Kif9	NA	NA	-1.21807949672937
Klf12	NA	NA	-0.781140772311887
Klf13	NA	0.636845930306238	1.26450248367496
Klf2	NA	NA	2.01359400762096
Klf9	NA	NA	1.73960023891478
Klhdc10	NA	NA	-0.763124065522125
Klhdc8b	NA	NA	0.632786007567057
Klhl9	NA	NA	-0.676548333191503
Klk9	NA	NA	-2.68505956666151
Kmt2a	-0.765428074542388	NA	NA
Kmt2c	-0.614936063185379	NA	-0.672467838146806
Kntc1	NA	-1.38717565782804	NA
Kpna1	NA	NA	-0.594486402213307
Krt10	NA	NA	-1.37205323833809
Lamtor2	NA	NA	0.645134725081581
Lamtor4	NA	NA	0.707595536653127
Larp4	NA	NA	-0.606243589148605
Lats1	NA	NA	-0.833500762067447
Lclat1	NA	NA	-0.773806957375537
Lcn2	8.19744920097639	-6.87070118284206	-21.8025507990236
Ldlr	NA	-2.44580823365668	NA
Ldoc1l	NA	NA	-0.696948849407647
Lefty1	-0.604724404733044	NA	NA
Lgals1	1.17119073822113	NA	NA
Lgals3	0.973463754683594	NA	NA
Lgals3bp	NA	-0.595601601572676	NA
Lifr	NA	0.735652104529606	NA
Lilrb4a	1.12792371278655	NA	NA
Lins1	NA	NA	-1.26107622371825
Lman1	NA	NA	-0.624855393384094
Lmbrd2	NA	NA	-1.50527980182883
Lmna	1.11144234989246	NA	NA
Lmnb1	NA	NA	-1.40642145238076
Lnpep	NA	NA	-0.651660945103024
Lonrf3	-0.844119029184155	-1.04329394309172	NA
Lpl	NA	-0.882995688761727	NA
Plppr2	NA	NA	6.17227311346226
Plppr3	NA	NA	-2.113012895675
Lrch3	NA	NA	-0.664785090540378
Lrg1	NA	NA	-6.52561346311793
Lrig2	NA	NA	-0.658068253188275
Lrp11	NA	NA	-1.59327747736077
Lrp5	NA	NA	-0.815691340403156
Lrrc39	NA	-0.627858088195992	NA
Lrrc4	NA	NA	-1.69060883393468
Lrrc42	NA	0.811293811110863	0.660975642488665
Lrrc8b	NA	NA	-2.09561740844621
Lsr	NA	NA	-1.01154204221871
Lst1	-0.716576648834664	-0.937209452264543	NA
Ltb	NA	NA	-0.810334625650486
Ltf	NA	-11.9962647917085	-33.9151408634646
Ltn1	NA	NA	-0.815245301783619
Ly6a	NA	-0.801487463467289	NA
Ly6g6e	NA	-0.651318271913398	NA
Ly86	-0.916370112365814	-1.03940265766332	-0.831646342802221
Lyst	NA	NA	-1.67942420259134
M1ap	NA	-0.672726600433363	NA
Macrod1	0.916655342732052	NA	0.84730929150245
Macrod2	NA	-1.58155299112002	NA
Mad2l1	NA	-0.657968105380702	NA
Maf	-0.587172013586785	NA	NA
Maff	NA	-1.43989784409827	NA
Malat1	NA	NA	-1.3975130552409
Man2c1os	NA	NA	-1.13155372330881
Manea	NA	NA	-0.926149309343297
Map10	NA	NA	-0.982828981023463
Map3k2	NA	NA	-0.695455000289545
Map3k6	NA	NA	4.19395673622608
Map3k9	NA	NA	-1.04491199065172
Mapk6	NA	NA	-0.628892823489272
Mapk8	NA	NA	-0.847500584836392
Mapk8ip3	NA	NA	-0.973303213323045
Mapre3	NA	NA	0.976732975642185
Masp1	NA	NA	-0.786867938816403
Mast4	NA	-0.856363741567641	NA
Matn2	NA	NA	-1.96650499712362
Mbd5	NA	NA	-0.864300469404699
Mboat1	NA	-0.793379518181155	NA
Mbtd1	NA	NA	-0.60422328191095
Mcm2	NA	-1.13574100022985	-1.18223275087895
Mcm3	NA	NA	-0.586232196436957
Mcm5	NA	-1.39171824364878	-1.55008113465725
Mcur1	-0.858428032331094	-1.08004067644352	-0.996334019104525
Mdfi	NA	NA	1.67087220775572
Mdn1	NA	NA	-2.02989952309123
Med12l	NA	NA	-1.04173523612251
Med13	NA	NA	-0.816079577982393
Med13l	NA	NA	-0.848912896874464
Med14	NA	NA	-0.642697981038466
Melk	NA	-4.70096764260627	NA
Meox1	4.10642646744138	NA	NA
Etfbkmt	NA	NA	-1.28335770222552
Mettl7a1	NA	NA	0.613682021900789
Mfsd4a	NA	NA	-0.968675663301829
Mgat4a	NA	NA	-1.04051029579713
Mgat5	NA	NA	-1.17737281781734
Mgea5	NA	NA	-0.903168077564971
Mgst3	NA	NA	1.09822642029158
Mib1	NA	NA	-1.18247324662669
Mical1	0.624890924950015	NA	NA
Mid1	NA	-1.12278885549165	-1.38564589255331
Mir1931	NA	NA	-1.67293123667999
Mir6236	NA	NA	-1.79610547731981
Mir6902	NA	NA	-2.58999499251829
Mir7036b	NA	NA	-2.09496641844393
Mir8110	NA	NA	-2.42980450798651
Mir99ahg	NA	NA	-0.746236942687181
Mis18a	NA	NA	0.666039120204329
Mlec	NA	NA	-0.639907069843452
Mlph	NA	0.688742247486901	0.886472903052079
Mmd	NA	NA	-0.936969770703055
Mmgt1	NA	NA	-0.667921432233986
Mmp2	NA	NA	-0.910974303406495
Mmp23	-1.86195309784522	NA	NA
Mmp28	-1.03489487778779	-1.28005788709272	NA
Mms22l	NA	NA	-0.889033682695312
Mob1a	NA	NA	-0.58500285043627
Mob1b	NA	NA	-0.829011556949122
Mok	NA	NA	-5.62958001422314
Mospd2	NA	NA	-0.646908344985701
Mpeg1	-1.24601631414628	-1.90428295116143	NA
Mpo	NA	NA	-32.3794577009167
Mpst	NA	NA	1.66083482348034
Mrgpre	0.633671724830611	NA	NA
Mrpl28	NA	NA	0.721760692308593
Mrps12	NA	NA	0.660202799968649
Mrps16	NA	NA	0.60050113272562
Mrps21	NA	NA	0.691989783024554
Mrps24	NA	NA	0.64701638900725
Ms4a7	-3.93443114630278	NA	NA
Msr1	NA	2.31177630389439	NA
Msrb1	NA	NA	0.808006527773872
Mt2	NA	-2.0440540317784	-1.90214904311976
Mtbp	NA	NA	-0.945118906045696
Mtfp1	NA	NA	0.734545117547388
Mthfd2	NA	-0.931491225432902	-1.18056680345652
Mtmr11	1.19838554514056	NA	NA
Mtss1	NA	NA	-0.660026410313966
Mtss1l	NA	NA	-4.69414659785223
Mttp	NA	NA	-0.8282313554136
Mtx3	NA	NA	-1.88715316215542
Mxd4	NA	NA	0.784425112542098
Mycl	0.735841463483166	1.25720247123391	1.25513988083937
Myef2	NA	NA	-1.16069352894006
Myh7b	NA	NA	-4.42494918667645
Mylip	NA	NA	-0.593191279308777
Myo18b	NA	NA	-1.4559894996962
Myo1e	NA	-0.805814977996702	-0.770033467370675
Myo9a	NA	NA	-1.05106247031138
Myom3	-17.1237907307228	NA	NA
Naa38	NA	NA	0.770747871261571
Nav2	NA	NA	-1.01510465450309
Nav3	NA	NA	-0.752118045940577
Nbea	NA	NA	-0.999460348939581
Nbeal1	NA	NA	-1.52030157258492
Nbeal2	NA	-0.738317536856336	NA
Ncapg	-4.45710837278196	NA	NA
Nceh1	0.773709334127145	NA	NA
Ncs1	NA	NA	-0.677121205340372
Ndufa3	NA	NA	0.84992013147964
Neat1	NA	0.774214722232595	NA
Nedd4l	NA	NA	0.921469437977885
Nek1	NA	NA	-0.7688569276797
Nek9	NA	NA	-0.601838626237214
Nes	NA	-1.26894602851818	NA
Neurl1a	NA	NA	0.634005383929597
Neurl1b	NA	NA	-2.76563906565471
Nf1	NA	NA	-1.1880433095801
Nfatc2	NA	-0.659556368605666	-0.699357825388925
Nfil3	NA	NA	0.803156091966839
Nfkb2	NA	-0.656767278164223	-0.970291165575825
Nfkbia	NA	NA	0.714739453397941
Nfkbid	NA	NA	-1.14079432208236
Ngp	NA	-10.5030888992561	-31.8235339150847
Nhsl2	NA	NA	-1.12176364758206
Nid2	NA	NA	-1.25884647544903
Nin	NA	NA	-0.941875017351679
Nlrc5	NA	NA	-3.25033005655151
Nlrp1b	NA	NA	-0.998092651567862
Nlrp1c-ps	NA	NA	-2.68213066557117
Nnt	1.22950893386604	1.13591672189073	1.15616668218801
Nos1ap	-0.613762853203903	NA	-1.02286508315085
Notch2	NA	NA	-0.867204200261615
Notch4	1.40391891690293	1.92293585300297	2.56625311247921
Nphp3	NA	NA	-1.41219177534584
Npnt	NA	NA	-0.780572007317243
Nr1d2	NA	-0.587359258123577	-0.820426071023075
Nr3c2	NA	NA	-0.595563840616636
Nrp	NA	NA	-0.799499313833244
Nrp1	NA	-0.662653131698763	-0.896075751175336
Nt5c	NA	NA	0.909864289038202
Nt5dc2	NA	NA	0.725217905047096
Nuak2	NA	0.602749684413403	0.69367312908698
Nucks1	NA	NA	-0.752360907314912
Nudt12	1.51532313900626	NA	NA
Nufip2	NA	NA	-0.711359501372268
Nup210	NA	NA	-1.37881041704074
Nup214	NA	NA	-0.61776599730637
Nupr1	NA	-0.798063730088893	NA
Nusap1	NA	-2.19537914883809	NA
Oaf	NA	-0.623942314615039	-0.778135287062771
Oas1a	NA	-1.10453563784082	NA
Oasl2	NA	-1.02950446949821	NA
Ocln	NA	0.920768316332345	NA
Odf2l	NA	NA	-1.81610268648987
Ogfrl1	NA	0.742784083292872	1.0225908958179
Olfm4	NA	-2.09535946469117	-2.18854011559734
Olfml2b	NA	NA	-0.691888789885206
Olfr110	NA	NA	-1.11008614552054
Olfr691	-19.8556144287571	NA	NA
Oraov1	NA	NA	0.663667865892814
Orc6	-0.702409605441416	NA	NA
Osgin2	NA	NA	-0.590112776615437
Otud4	NA	NA	-0.835967874229667
Otud7b	NA	NA	-0.596874018789906
Oxld1	NA	NA	0.77825598382832
P2rx1	NA	NA	-0.900672110721283
P3h3	NA	-0.67411174868097	NA
Pank1	NA	NA	0.907953274538955
Pank3	NA	NA	-0.749686856776226
Parp14	NA	NA	-0.760853827582884
Parp4	NA	NA	-0.876071176080338
Particl	NA	NA	-0.868740765896008
Paxbp1	NA	NA	-0.598796966834913
Pbk	NA	-2.61025707752557	NA
Pbld2	NA	NA	-1.77112808089254
Pcdhga8	NA	NA	-1.45365480450662
Pcdhgb2	NA	NA	-0.708403131182092
Pck2	NA	NA	0.622577849719054
Pcnx	NA	NA	-0.932375084588413
Pcnx3	NA	NA	-0.714834045162203
Pdcd1	-1.12676620514533	-1.80156487289407	-0.730785706207031
Pdcd6	NA	NA	0.603748091291247
Pde4dip	NA	NA	-0.766225784246146
Pds5a	NA	NA	-1.0787675848102
Pdzk1	NA	NA	-1.1279676394127
Peak1	NA	NA	-0.709841896417881
Pemt	NA	NA	-1.67286554045479
Per1	1.52975161235187	1.27877480510752	1.78617743461777
Per2	NA	-2.14552424801143	NA
Per3	-1.08307644494446	-1.12900723031456	-0.886770257804933
Perp	NA	0.589537352803742	NA
Pet100	NA	NA	0.748518774103734
Pex11a	NA	NA	0.704176620723923
Pfas	NA	-0.621224462578897	-0.614019655310786
Pglyrp1	NA	NA	-7.6281293411134
Pgm3	NA	NA	-0.614292144202232
Phactr1	0.662867702214961	NA	NA
Phc3	NA	NA	-1.20337904926914
Phf24	NA	NA	-4.09222971452625
Phf6	NA	NA	-0.84260402526639
Phldb3	NA	NA	-1.57472541343123
Phospho1	-1.03750569475222	NA	-1.26063377280209
Phtf1os	NA	NA	-1.66228846937611
Phyhipl	NA	NA	-5.22637672790698
Pi4kb	NA	NA	-0.781985014745223
Piezo1	NA	NA	-0.869447490675892
Pigg	NA	NA	-0.747873656504564
Pign	NA	NA	-1.21689840337018
Pigz	-0.737356185501175	-0.622322366396002	-0.871380753426089
Pik3c2a	NA	NA	-0.670436399401124
Pik3ip1	NA	1.74427973134953	1.70565840391971
Pikfyve	NA	NA	-0.693900457456899
Pim1	NA	NA	2.04965541142376
Pkmyt1	NA	-1.76762225637364	NA
Pla2g7	1.33422511038512	0.960141380571342	NA
Plagl2	NA	NA	-0.730493932321457
Plcb4	NA	NA	-3.39739803096563
Plcd3	4.74732471972398	4.29672140257295	4.66522926888587
Plet1	3.69109354983331	3.79622047224189	4.54320561690783
Plet1os	5.20855435151317	5.71517021071296	3.5755885890587
Plscr1	NA	NA	-1.41650788888086
Plxna3	NA	NA	-2.19877112557521
Plxna4	NA	NA	-0.91067987606946
Plxna4os1	NA	-0.674878610109931	NA
Plxnc1	NA	NA	-2.2761272653894
Pmaip1	NA	-0.847356552364839	NA
Pms2	NA	NA	-1.10580728440462
Pnma2	NA	-1.43485165147366	NA
Pnpla2	NA	0.662996695195749	1.24846591325954
Pnpla3	NA	NA	-3.26591435012332
Pnpla6	NA	NA	0.673199642681823
Pogk	NA	NA	-0.598485038866029
Pole	3.82475709099375	NA	NA
Polm	NA	NA	0.65392301309556
Polr1a	NA	NA	-0.992433126221307
Polr2f	NA	NA	0.728998206270712
Polr2i	NA	NA	0.793671362059481
Pom121	NA	NA	-0.713981726870091
Pomgnt2	NA	NA	0.757172181101141
Pou6f1	NA	NA	-0.707484683497921
Plpp1	NA	-0.788450246262789	NA
Ppdpf	NA	NA	0.697481629978363
Ppifos	NA	NA	-5.3973319313834
Ppm1f	NA	NA	-0.605794271721087
Ppm1k	NA	NA	-0.618109788148939
Ppp1r14a	NA	NA	-1.93120956720169
Ppp1r15b	NA	NA	-0.724483416980741
Ppp1r21	NA	0.884759404437864	0.923977547263497
Ppp1r35	NA	NA	0.594535465187122
Ppp1r3b	NA	NA	-0.602809042211424
Ppp2r5e	NA	NA	-1.03638542137281
Ppp3cc	NA	NA	-1.27411014838765
Praf2	NA	NA	0.737949409534941
Prc1	NA	-1.74072485514618	NA
Prdm2	NA	NA	-0.972759539601195
Prickle1	NA	NA	-0.629172110070131
Prickle2	3.59338689083562	NA	NA
Prim1	NA	-0.911019982009156	NA
Prkacb	NA	NA	-0.703536500802578
Prkar1b	NA	-1.00351775748097	-0.953482200445666
Prkca	NA	NA	-0.601335111132445
Proca1	NA	NA	-4.46023572294361
Prox2	NA	NA	-1.23180261585397
Prr13	NA	NA	0.690126532820233
Prr14l	NA	NA	-0.644079006920487
Prr5l	NA	-0.835570804721234	NA
Prune2	NA	NA	-0.61676693177338
Pspc1	NA	NA	-0.68599495892527
Pstk	NA	NA	0.625635377993359
Ptchd1	NA	-1.55265244798022	-0.777039638872802
Ptpn12	NA	NA	-0.767304474557851
Ptpn23	-0.847001434232695	NA	NA
Ptprh	NA	NA	-15.8165901191692
Ptprs	NA	NA	-0.774029143481463
Pts	NA	NA	0.58641382567471
Pvr	NA	NA	0.810594402338947
Ifi208	NA	-2.19166480046885	-4.73665479303385
Pygl	NA	NA	-0.800168577329395
Pygm	NA	NA	-1.38343293986927
Qk	NA	NA	-0.688941049722411
Rab11fip5	NA	NA	-0.588493666763849
Rab19	0.958550197564526	NA	NA
Rab20	NA	-0.724590344503239	-0.70488216706102
Rab3d	NA	0.742177942118511	NA
Rab4a	1.48656625331486	1.36364573827345	1.74721897780487
Rab7b	3.38517911668957	NA	NA
Rac3	NA	NA	1.12963465777538
Racgap1	NA	-1.35396428651459	NA
Ralgapa1	NA	NA	-0.934349270290158
Ralgds	NA	-0.722954252802529	-1.14873293922197
Raly	NA	NA	1.01445454493672
Ramp2	NA	NA	0.881239025699877
Ranbp10	NA	NA	-0.605666488233315
Rap1gap2	NA	NA	-0.636971407754025
Rapgef1	NA	NA	-0.653887699539532
Rapgef5	NA	NA	-1.17065576831412
Rarg	NA	NA	1.08043288493602
Rasa4	NA	NA	-0.737439319136862
Rasl2-9	NA	-0.804978106720958	-0.944510588197766
Rassf2	NA	0.618863518027466	NA
Rassf3	0.863635175047224	0.757285085383524	0.71287853265924
Rassf4	NA	NA	-0.673977574826655
Rbbp8nl	-21.2638427297001	NA	NA
Rbbp9	NA	NA	0.675948398054392
Rbm12	NA	NA	-0.730529889868556
Rbm3	NA	0.635692982260974	-0.913690858983094
Rc3h2	NA	NA	-1.04796686089985
Rcan1	NA	0.585322974332957	0.729030227221049
Rcan3	NA	NA	-0.774808516454028
Recql4	NA	NA	5.19858867458696
Rel	NA	NA	-0.987277254432321
Relb	NA	-0.799306495630887	-1.38898570526734
Rell1	-0.775528784364457	-1.2881859822691	-1.91672575983925
Rfng	NA	NA	0.781477623313455
Rftn1	NA	NA	0.610982925603691
Rfx7	NA	NA	-0.861215867599262
Rgs1	NA	1.14785276070197	1.33545852440699
Rgs12	NA	NA	-1.22499487497069
Rgs14	NA	NA	0.836213913113764
Rhbdd1	NA	NA	-0.843397341323905
Rhbdl1	NA	NA	-3.74385167215933
Ric1	NA	NA	-1.45102740250754
Ripk3	NA	NA	-0.719766280668228
Rlf	NA	NA	-0.678905424310378
Rlim	NA	NA	-0.705350217779589
Rn45s	NA	NA	-1.32658290225824
Rnase4	NA	NA	0.820637418136961
Rnaseh2c	NA	NA	0.725641696671757
Rnf166	NA	NA	0.586817175909242
Rnf169	NA	0.634512368279243	NA
Rnf180	NA	NA	-0.613188850776351
Rnf214	NA	NA	-0.655190504636218
Rnf220	NA	NA	0.678648012921522
Rnpc3	-0.622038297334727	NA	NA
Rock2	NA	NA	-0.586083524554271
Ropn1l	NA	NA	-0.860691066541039
Rpain	NA	NA	0.817195727187169
Rpl12	NA	NA	-1.21974286042479
Rpl14-ps1	NA	NA	-1.25128052280756
Rpp21	NA	NA	0.749538114740734
Rps6ka5	NA	NA	-0.658572833802627
Rrm2	NA	-2.46074171121303	NA
Rsad2	NA	-1.15219766531201	NA
Rsbn1	NA	NA	-0.636234238177751
Rsph9	NA	0.87307765327152	NA
Rsrp1	NA	-0.671470454876731	NA
Rtcb	NA	NA	0.622268385863948
Rtkn2	NA	NA	-6.82809190479569
Rtp4	NA	-0.811084955946975	NA
Rttn	NA	NA	-1.17314824576974
Rufy2	NA	NA	-0.742109137885577
Rxrg	-2.42589131219406	-1.24542651612472	NA
S100a10	NA	0.851777895755675	1.15514613021064
S100a8	18.8302094208086	NA	-9.56152799655931
S100a9	6.85637107647804	NA	-7.75318694662979
S100pbp	NA	NA	-0.716298396114704
S1pr1	NA	NA	-0.722151851906212
Samsn1	NA	-0.585473316432185	NA
Sbf1	NA	NA	-0.797309957321316
Sbf2	NA	NA	-0.668501937804715
Scand1	NA	NA	0.797901286664967
Scimp	0.914098972589126	NA	NA
Scn11a	NA	NA	-5.4556641612916
Sdad1	NA	NA	-0.787087609663653
Sdc3	-0.801745654310334	-0.863484373750268	-1.02287583648126
Sdc4	NA	NA	-1.00914500335594
Sdk1	NA	NA	-0.903323610124933
Sdr42e1	0.692806777314609	NA	NA
Sec14l2	1.00353102505646	NA	NA
Sec16a	NA	NA	-0.745463569212729
Sec62	NA	NA	0.658444870047579
Selm	NA	0.73091124483267	0.88693272883493
Sema4a	-0.877117255002683	-0.914916253155625	-0.97982481110862
Sema6d	NA	-0.786417082474809	-1.53425008908037
Senp5	NA	NA	-0.79743415369063
Sept1	NA	NA	-3.33175021681077
Sept9	NA	NA	-0.75434803337221
Sepw1	NA	0.744436973550622	NA
Serpinb1a	NA	NA	-6.40876168125396
Serpinb8	NA	NA	-5.38979101973924
Serpine1	NA	NA	1.44148898728798
Setbp1	-1.47802010892829	NA	NA
Setd2	NA	NA	-0.592065777242667
Sfmbt1	NA	NA	-0.719020621520438
Sgpp2	NA	NA	2.86469518280764
Sgsm3	NA	NA	0.691408440988801
Sh2d5	NA	NA	3.48942592846455
Sh3bp5	NA	NA	0.649016281885627
Sh3gl2	NA	5.35641003310784	NA
Shcbp1l	NA	NA	-5.29346719951025
Shprh	NA	NA	-0.908846728804497
Sipa1l1	NA	NA	-0.987430066916156
Skil	NA	NA	-0.818098237725874
Slamf8	NA	-0.66537604922241	-0.597245716836554
Slamf9	NA	NA	-0.718868344854765
Slc10a1	NA	NA	-1.70483278888299
Slc10a6	NA	5.26811731035173	3.68399090094633
Slc12a2	NA	NA	-1.28121728783462
Slc12a7	NA	NA	-0.678516085869531
Slc13a3	NA	NA	0.869271925213798
Slc16a10	NA	NA	-1.43164105144817
Slc16a14	NA	NA	5.24608504256194
Slc1a2	NA	NA	-3.59719658304405
Slc1a4	NA	-1.13218543604562	-1.45355096948528
Slc1a5	0.88297872082232	0.727372718222695	1.10403054390341
Slc23a1	NA	NA	-3.8894181768256
Slc24a5	NA	NA	-2.60610621048262
Slc25a38	NA	NA	0.660038204286556
Slc29a1	NA	NA	-0.651261421723345
Slc29a3	NA	NA	-0.915295428915822
Slc2a12	NA	NA	-5.98028459948032
Slc2a3	NA	1.61087069672124	1.12621899944777
Slc2a4rg-ps	NA	NA	-1.41026325218926
Slc2a9	NA	NA	-0.82421957468666
Slc30a1	NA	NA	-0.845332531098406
Slc35a3	NA	NA	-0.682367169871388
Slc35e2	NA	NA	-0.618751252491432
Slc35f4	-17.6173405918906	NA	NA
Slc35g1	NA	1.24667625423691	NA
Slc38a6	NA	1.07692340093255	NA
Slc39a4	NA	-1.06994166425684	-1.40313356402474
Slc39a8	NA	NA	-0.798762103030655
Slc43a3	NA	-0.872604657483619	NA
Slc44a1	NA	NA	-0.658577442960113
Slc4a7	NA	NA	-0.806330702422415
Slc7a1	NA	-0.595032059254051	-0.902305446783835
Slc7a3	NA	NA	15.2112868491696
Slc7a5	NA	NA	-1.24733210204674
Slc8a1	NA	NA	-0.942511935210336
Slc9a3r2	NA	NA	1.9430744299433
Slc9a6	NA	NA	-0.738189451769949
Slc9a7	NA	NA	-0.785386750817187
Slc9a9	NA	NA	-0.606863692433282
Slfn2	NA	-0.672863872242422	NA
Smad3	NA	NA	-1.04854992110763
Smad5	NA	NA	-0.777182217333324
Smarcc1	NA	NA	-0.778523704123305
Smco4	NA	-1.57880736611788	NA
Smcr8	NA	NA	-0.890429074015654
Smg1	NA	NA	-0.777992474095966
Smim3	NA	NA	0.805794750547453
Snapc1	-0.617558426720635	NA	NA
Sncaip	NA	NA	-0.758028443477882
Snhg17	NA	NA	1.68394629346907
Snora17	NA	NA	-3.2437141066725
Snora28	NA	NA	-1.64691815291331
Snora43	NA	NA	-3.17258118459718
Snrpc	NA	NA	0.982974864769959
Snrpf	NA	NA	0.64804592523129
Snx29	NA	NA	-0.691860500866932
Soga1	NA	NA	-0.653501821282649
Sos1	NA	NA	-0.825837176898114
Sox30	NA	-2.48558590431856	-5.21743071963058
Sp4	NA	NA	-0.696628866218075
Sparcl1	NA	NA	-3.95761930010239
Spata2l	NA	NA	0.620598280499633
Spen	NA	NA	-0.660834500837808
Spin4	NA	NA	4.50458297402546
Spns3	-0.617459643848076	-0.625903878269097	-1.01745258558843
Spopl	NA	NA	-0.896739128108399
Sppl2a	NA	NA	-0.598782592669162
Spr	NA	NA	0.720575005131424
Spred1	NA	NA	-0.641815515974253
Spred2	NA	NA	-0.675934812964576
Spty2d1	NA	NA	-0.628724752301152
Srcap	NA	NA	-0.954506899392775
Ssbp2	NA	NA	0.776608077588651
Ssbp3	NA	NA	0.609808776117672
Sspn	NA	NA	-1.23079571222049
St5	NA	0.590941863102217	NA
St8sia6	NA	-1.23595746286488	NA
Stard10	NA	NA	1.79831203944826
Stat1	NA	NA	-0.747069602724525
Stbd1	NA	NA	0.604458947418565
Stil	NA	NA	-6.7215722741174
Stk11	NA	-0.721953221098408	1.28320676806956
Stk35	NA	NA	-0.977616110187896
Stmn1	NA	NA	0.632238212685477
Ston1	NA	1.74617968483594	NA
Strn	NA	NA	-1.0209868418581
Stx17	NA	NA	-0.649462455426163
Stxbp4	NA	NA	-0.768305653028758
Styx	NA	NA	-1.42303560987482
Sugct	NA	-1.85802964369602	-2.67584213731175
Sugp2	NA	NA	-0.702210459283559
Sulf1	NA	NA	-6.15647910836011
Sulf2	NA	NA	-0.849697931039189
Sult1a1	1.01844868625336	1.39381385679204	2.31371786142021
Sumo2	NA	NA	-1.53141170968046
Supt16	NA	NA	-1.06222901112195
Supt4a	NA	NA	0.720226824000319
Susd1	NA	NA	-0.865186962552855
Susd6	NA	NA	-0.593275096179244
Kmt5c	NA	NA	0.653982116872291
Syn3	NA	NA	-1.4963973916274
Synj2	NA	NA	-0.675283822503188
Syp	NA	0.646191776309964	NA
Syt3	NA	NA	0.79808043093186
Szrd1	NA	NA	-0.760144629427244
Szt2	NA	NA	-1.65352071128585
Taf15	NA	NA	-1.11232527317842
Taf1a	NA	NA	0.819108203616551
Taf4b	NA	NA	-1.5909846547653
Tagap1	NA	NA	0.786788255703673
Tal1	-0.7699302139279	-0.629830593497272	NA
Tanc2	NA	NA	-0.832252484208585
Tbc1d2	NA	NA	-6.00980119727326
Tbc1d32	NA	NA	-1.19490625692993
Tbc1d7	NA	-0.590506586008655	NA
Tbc1d8	NA	NA	-0.635557517950106
Tcp11l1	NA	NA	-0.931901627531351
Tcp11l2	NA	NA	0.590865042948909
Tctex1d4	NA	NA	-2.14207648210756
Tecpr2	NA	NA	-1.61393394726849
Tef	NA	-0.630317563287236	NA
Tenm2	NA	NA	4.34915888075461
Tes	NA	NA	0.611741166054589
Tet1	NA	NA	-0.98012922874066
Tet2	NA	NA	-0.946139323287178
Tex12	NA	NA	-0.881296294870035
Tfdp1	NA	NA	-0.598333928648217
Tgfbi	-0.62965359144197	NA	NA
Tgfbr1	NA	NA	-0.695114680312056
Tgfbr2	NA	NA	-0.684491419000471
Tgfbrap1	NA	NA	-0.681348698531515
Thbs1	0.8915491899025	NA	NA
Thnsl2	NA	NA	0.799803178568147
Thsd1	NA	1.18125107421149	NA
Tiam1	NA	NA	-2.45243238684476
Ticam1	NA	NA	-0.781969039508682
Timm13	NA	NA	0.628949216118
Tjp1	NA	NA	-0.613041461821264
Tk1	NA	-1.25873813179342	NA
Tkfc	NA	-0.705196611294853	NA
Tlr1	NA	NA	-0.680593200309277
Tlr2	NA	NA	-0.593978260932704
Tlr5	NA	NA	-1.20386858109464
Tlr7	NA	0.629723684852246	NA
Tm4sf19	13.4240335627477	NA	NA
Tmc4	-2.90898222953072	NA	NA
Tmed1	NA	0.672344952477539	NA
Tmed8	NA	NA	-1.08171129433811
Tmem106b	NA	NA	-0.593069916159957
Tmem144	NA	NA	-0.840665190519357
Tmem150b	NA	1.55321784111906	NA
Tmem151a	-14.6401908279864	NA	NA
Tmem161a	NA	NA	0.597032277083572
Tmem178	NA	NA	-4.57458577922122
Tmem181a	0.622614979680154	NA	NA
Tmem220	NA	NA	-0.804924434206759
Tmem245	NA	NA	-0.630622768697496
Tmem261	NA	NA	0.586600371215393
Tmem38a	NA	0.884527414090161	NA
Tmem44	NA	NA	-0.937804397021827
Tmem47	NA	NA	-5.65517166418984
Tmem64	NA	NA	-0.752327652326162
Tmem65	NA	NA	-0.665806520055146
Tmf1	NA	NA	-0.68649677975441
Tmod1	NA	1.78585432544801	2.55889146379683
Tmsb10	NA	NA	0.922805384154905
Tmtc3	NA	NA	-0.609774017336674
Tmx4	NA	NA	-0.611219935996359
Tnfaip2	NA	NA	-0.649705134956175
Tnfaip3	NA	NA	-0.722523774648376
Tnfrsf12a	NA	NA	0.593296550405244
Tnfrsf17	-0.637927431085682	-0.81853213156631	NA
Tnfrsf26	NA	1.69192837530233	NA
Tnfsf12	NA	NA	1.01411324840179
Tnfsf13	NA	NA	0.979209288162872
Tnfsf8	NA	-1.0800593132532	NA
Tnks1bp1	NA	NA	-0.819357938582067
Tnpo1	NA	NA	-0.691602941197361
Tnrc18	NA	NA	-0.662173503702363
Tns3	NA	NA	-0.806208130732307
Tns4	NA	NA	-0.664786238001909
Tomm7	NA	NA	0.585412653118681
Tomt	NA	NA	-1.59014128120352
Top2a	-3.7633529300673	-2.08969680569877	NA
Toporsos	NA	NA	0.652747794183083
Tpm2	NA	NA	-1.33772899603118
Tpmt	NA	NA	-0.984795547401739
Traf3	NA	-0.862867229179102	-1.34401340705034
Trem3	NA	NA	-6.80964227889766
Trim13	NA	NA	-0.651773952332234
Trim25	NA	NA	-0.705208785227748
Trio	NA	NA	-1.14421467257455
Trip11	NA	NA	-1.08665044228906
Trip6	NA	NA	-1.9299499842364
Trp53bp1	NA	NA	-0.788753715105923
Trp53cor1	NA	-1.08728815130763	-0.921045962293521
Trpv4	NA	1.12671946292436	0.910466139819572
Tsc1	NA	NA	-0.639435264896015
Tsc22d1	NA	NA	1.01408092145191
Tsc22d2	NA	NA	-0.61996510376436
Tsc22d3	0.859378830986943	1.6086549155572	2.34505500467718
Tspan33	0.613087136594984	0.633775920131	0.735470775773825
Tspan8	NA	1.48866960444158	NA
Tspan9	NA	NA	-0.666359499627077
Tspo	NA	NA	0.61179016157046
Ttc26	NA	NA	-5.25668770089435
Ttc37	NA	NA	-0.674137071728997
Ttc39b	NA	NA	-0.670659521375774
Ttc7b	NA	NA	-0.613984910351467
Ttc8	NA	NA	-0.937624850482605
Ttll3	NA	NA	-1.82392131857812
Tub	NA	NA	-5.20110815316676
Tuba4a	1.1316746403561	0.726870496912673	0.794712588138962
Tuba8	NA	NA	-5.12896964479067
Tubb2b	NA	-0.609411047325308	NA
Tubb6	NA	-0.587851547796179	NA
Tug1	NA	NA	-0.719081322981529
Tulp4	NA	NA	-1.02919102034355
Txlng	NA	NA	0.731227890805978
U2af1l4	NA	NA	0.7051183483423
Ubald1	NA	NA	0.772785649060664
Ubash3b	NA	-0.609800657913742	NA
Ubb	NA	NA	-0.900126058497333
Ube2c	-2.88381375766585	NA	NA
Ube2s	NA	NA	0.83954074007509
Ubr3	NA	NA	-0.610898591880406
Ubr4	NA	NA	-0.738778168154363
Ubr5	NA	NA	-0.665384636000267
Uchl4	NA	NA	-0.944172001752661
Ucp2	NA	NA	1.13669739165909
Uhmk1	NA	NA	-1.00926240141384
Uhrf1	NA	-2.25576104688384	NA
Umodl1	NA	NA	-5.81641290331474
Uqcr10	NA	NA	0.83866756164112
Urb1	NA	NA	-0.958503501544528
Urb2	NA	NA	-1.09212385191376
Uros	NA	-0.588671342906215	NA
Usp18	NA	-1.0836821261755	NA
Usp25	NA	NA	-0.590599899040854
Usp34	NA	NA	-0.850276650548681
Usp35	-0.62114162413565	-0.611357534799917	NA
Usp36	NA	NA	-0.696029084217616
Usp42	NA	NA	-0.720222973991125
Usp6nl	NA	NA	-0.670670584965188
Usp9x	NA	NA	-0.668161710240064
Utrn	NA	NA	-1.21506211917392
Vash2	NA	NA	-3.51904930468458
Vaultrc5	NA	NA	1.85483071084079
Vav2	NA	NA	-0.679189705853919
Vcl	NA	NA	-0.698017369311798
Vegfa	-2.5528797449022	-2.83675914476972	-3.04068293204412
Vopp1	NA	0.693977415514514	NA
Vps13a	NA	NA	-1.22771351135957
Vps13b	NA	NA	-1.18151977381235
Vps13c	NA	NA	-1.11348308967178
Vps13d	NA	NA	-0.986901410600171
Vps37a	NA	NA	-0.585766477387416
Wdfy1	2.71528465303354	3.08371266405623	3.48455934750569
Wdfy2	NA	NA	-0.741047329340708
Wdfy3	NA	NA	-0.607917714971781
Wdfy4	NA	NA	-0.92249621417104
Wdr31	NA	NA	-5.63328776544852
Wdr45	NA	NA	0.595164905923848
Wdr7	NA	NA	-0.740085684840403
Wdr70	NA	NA	0.590338078575776
Wdr73	NA	NA	0.632568014537094
Wee1	NA	-2.83014497836249	-3.31238105261708
Wfdc21	NA	NA	-7.38709062558329
Wrn	NA	NA	-0.679135034324996
Wscd1	-1.00028511922717	-0.700858072990629	-0.960909031598706
Xdh	NA	2.29141418490679	NA
Xk	NA	NA	-2.20233217750694
Xpo4	NA	NA	-0.661190616344865
Xpo5	NA	NA	-0.602291598019596
Xpr1	NA	NA	-1.51200188733323
Xrcc3	NA	NA	-1.49614842983303
Xrn1	NA	NA	-0.900219560212357
Yes1	NA	NA	-0.772182072147639
Yod1	NA	NA	-1.14743098445709
Ypel3	NA	NA	0.828042320907013
Zbtb16	NA	4.79059360224765	7.46723564332632
Zbtb38	NA	NA	-0.703066771415961
Zbtb41	NA	NA	-1.10936737227753
Zc3hav1	NA	NA	-0.633168436586674
Zc3hav1l	NA	NA	-2.23479139670301
Zcchc14	NA	NA	-0.790678962556264
Zcchc18	NA	NA	-6.4479826882646
Zcrb1	NA	NA	0.717129331426913
Zdhhc21	NA	NA	-1.13619862268428
Zfc3h1	NA	NA	-0.672953279413893
Zfp109	NA	NA	-0.794930302905951
Zfp146	NA	NA	-0.83620822457777
Zfp148	NA	NA	-0.611619623296502
Zfp174	NA	NA	-1.32169582692014
Zfp26	NA	NA	-1.24988590776259
Zfp275	NA	NA	-0.839417998839762
Zfp292	NA	NA	-0.743263413828244
Zfp324	NA	NA	-0.995146344270742
Zfp329	NA	NA	-0.697969715174236
Zfp354c	NA	NA	-0.741799826151227
Zfp36	NA	NA	0.736088628002763
Zfp369	NA	NA	-1.33726158878026
Zfp36l1	NA	-0.593972997827964	NA
Zfp383	NA	NA	0.720131462628942
Zfp397	NA	NA	-0.627268876257903
Zfp407	NA	NA	-0.694302452417733
Zfp418	NA	NA	0.873687897753707
Zfp445	NA	NA	-0.619251291221033
Zfp456	NA	-0.638595552158714	NA
Zfp507	NA	-2.94972999261509	NA
Zfp518a	NA	NA	-0.761242340499451
Zfp521	NA	NA	-3.67659606054246
Zfp558	NA	NA	-1.00754100315237
Zfp597	NA	NA	-0.772712434895563
Zfp606	NA	NA	-0.638645393309955
Zfp641	2.31549627371306	NA	NA
Zfp654	NA	NA	-0.963542718585415
Zfp69	-0.928694974122396	NA	-0.683778341461374
Zfp691	NA	NA	-0.837740893139286
Zfp770	NA	NA	-0.654089271165962
Zfp783	NA	NA	-1.58022471791244
Zfp786	NA	NA	-4.39909041553784
Zfp799	NA	NA	-0.625546838885937
Zfp821	NA	0.748139160338803	NA
Zfp867	NA	NA	-0.765314623297893
Zfp940	NA	NA	1.16813165588454
Zfyve16	NA	NA	-0.703735768087013
Zfyve26	NA	NA	-0.718422052187407
Zfyve9	NA	NA	-3.12468072452333
Zkscan1	NA	NA	-0.676500033419651
Zkscan8	0.975295399711925	0.749030955412807	NA
Zmat1	NA	-0.642262188485168	NA
Zmiz1	NA	NA	-0.705373963306968
Zmpste24	NA	NA	-0.650066562855429
Zmynd15	NA	-1.48664425182701	NA
Znfx1	NA	NA	-0.857534017155082
Zw10	NA	NA	0.633109347685485
