category	52w VS 8w (F)	52w VS 8w (M)	104w VS 8w (F)	104w VS 8w (M)	104w VS 52w (F)	104w VS 52w (M)
04744	4.2625647091518e-07	NA	0.000477756681865304	1.41360250387396e-11	NA	2.14015335479748e-08
04672	0.0383793140517015	NA	0.000871271314856591	0.00276941919063627	NA	0.0107685128855216
05323	NA	NA	0.00196535832705257	NA	NA	NA
04115	NA	NA	0.00203262385072477	NA	NA	NA
05310	NA	NA	0.00401076758407523	NA	NA	NA
05150	NA	NA	0.00613193512289458	NA	NA	NA
00533	NA	NA	0.00681399796572549	NA	NA	NA
00230	NA	NA	0.0100632308853128	NA	NA	NA
04360	NA	NA	0.0389781238654007	NA	NA	NA
05330	NA	NA	0.0389781238654007	NA	NA	NA
04060	NA	NA	0.0389781238654007	NA	NA	NA
05322	NA	NA	0.0407691111283634	NA	NA	NA
05146	NA	NA	0.0431455327823606	NA	NA	NA
