M VS F (8w)	M VS F (52w)	M VS F (104w)
0610009O20Rik	0.701450253185404	NA	NA
0610030E20Rik	NA	0.836652294878869	NA
0610039H22Rik	3.12935110503075	NA	NA
0610039K10Rik	2.15439573293386	2.16837338611527	NA
1110038B12Rik	1.47842110655622	0.984951025729433	NA
Zfas1	1.26877407455238	1.53967249679601	NA
1500015O10Rik	NA	4.278640612636	NA
1600010M07Rik	0.689144479243278	NA	NA
1600020E01Rik	1.65494687807299	1.76055338984102	NA
1700001C19Rik	NA	-0.725286562114132	NA
1700001K19Rik	4.14978636463081	NA	NA
1700007J10Rik	4.09456705499998	3.02909069333568	NA
1700011L22Rik	2.46918529856282	NA	NA
1700015E13Rik	NA	2.32657252331449	NA
1700025N23Rik	2.79306767360778	1.79381195213726	NA
1700029I15Rik	2.1527440818518	NA	NA
1700029J07Rik	1.76146025541886	2.10278595130352	NA
1700048M11Rik	NA	3.36696923121899	NA
Zfp974	NA	0.804677863436866	NA
1700066M21Rik	-0.623942131122113	NA	NA
1700067K01Rik	NA	1.01893748112084	NA
1700084E18Rik	NA	2.81409840030298	NA
1700094D03Rik	1.77810611315181	1.89484471358915	NA
1700110C19Rik	0.859687423863223	2.43376892312078	NA
1700120K04Rik	NA	1.49612299560355	NA
1810011O10Rik	1.06633608172965	0.596334050494519	NA
1810026B05Rik	1.41671766754037	2.29343924024264	NA
1810032O08Rik	2.2803484262417	2.89209492900224	NA
Ndufaf8	NA	-0.593463482206324	NA
2010109I03Rik	2.84640487753432	NA	NA
2010111I01Rik	NA	1.05856011782634	NA
Emsy	NA	0.607481499958308	NA
2210408F21Rik	0.689138563356728	NA	NA
2310009B15Rik	-0.703412318647532	NA	NA
2310035C23Rik	0.88400566126045	0.942758641468984	NA
2410002F23Rik	0.881752039367488	0.702570012132259	NA
2410006H16Rik	0.927106210274747	0.925806189594905	NA
2410015M20Rik	NA	-0.669973172281014	NA
2410089E03Rik	0.957560527073284	1.60370799917144	1.44683644566147
2500004C02Rik	0.820591035032085	NA	NA
2510002D24Rik	NA	0.690873392086009	NA
2610005L07Rik	1.18839182661037	1.51243904271186	NA
2610035D17Rik	0.839017393691015	-0.730696731591087	NA
2610042L04Rik	1.35565893942901	1.17735393067213	NA
2610306M01Rik	0.811937439015212	NA	NA
2610524H06Rik	NA	-0.712791789651685	NA
2700049A03Rik	NA	0.61885641551429	0.850355595691951
2700081O15Rik	0.7225475887864	NA	NA
2700097O09Rik	NA	0.91909709828587	NA
2810001G20Rik	1.18344323104498	NA	NA
2810013P06Rik	NA	0.686024645853547	NA
2810403A07Rik	NA	0.729878265413846	NA
2900005J15Rik	0.795677022895082	1.17938634285361	NA
2900060B14Rik	NA	2.17674989350662	NA
2900076A07Rik	1.89409116953175	1.7325637073105	NA
3000002C10Rik	0.996712441881933	NA	NA
3110009E18Rik	-0.5930762322163	NA	NA
3110021N24Rik	NA	1.1616619722333	NA
3110035E14Rik	NA	1.44698746571281	NA
3110062M04Rik	0.688768452659132	NA	NA
3300002I08Rik	1.40645419624109	NA	NA
4632404H12Rik	NA	1.05816834129885	NA
4632415L05Rik	NA	0.707561637136358	NA
4632427E13Rik	NA	0.853437780514464	NA
4732471J01Rik	1.20532128410058	1.35415382336168	NA
4833417C18Rik	1.170004813113	1.36253233170731	NA
4921511C10Rik	NA	1.24207014093561	NA
4930402H24Rik	NA	1.09809574706318	NA
4930405O22Rik	NA	2.05850966473831	NA
4930413G21Rik	0.670935572441693	0.750362069918063	NA
4930440C22Rik	NA	-3.73193964141629	NA
4930451G09Rik	2.46271852292788	NA	NA
4930473A02Rik	0.982396341024306	0.921718984635734	NA
4930479D17Rik	NA	2.44757757594194	NA
4930481A15Rik	NA	0.824285596598401	NA
4930503L19Rik	1.21161029487473	1.03704480057961	NA
4930506C21Rik	2.01473742139479	1.93784686908997	NA
4930507D05Rik	2.53081488806744	NA	NA
4930512B01Rik	NA	1.72517695145219	NA
4930515G01Rik	1.12695870240702	NA	NA
4930549G23Rik	NA	1.31055242123095	NA
4930557K07Rik	NA	2.36848306169508	NA
4930562C15Rik	2.44940503877098	NA	NA
4930579G18Rik	2.0428679667763	2.52475925558571	NA
4930579K19Rik	2.12629620520678	NA	NA
4930581F22Rik	NA	1.88768419993369	NA
4930594C11Rik	0.927925296840796	1.81541992039039	NA
4930595D18Rik	NA	1.68452278669334	NA
4931406H21Rik	1.11466356020626	1.68603220732524	NA
4931431C16Rik	0.635303942155892	0.80979504785593	NA
4931440F15Rik	NA	2.16399954655101	NA
4932438A13Rik	1.03737028294161	0.994514491786498	NA
4933406I18Rik	1.51219498444648	1.45552935012455	NA
4933407K13Rik	1.92931185300856	2.29682037845783	NA
4933417D19Rik	NA	1.61349962478039	NA
4933421O10Rik	NA	0.710706989973794	NA
4933427D14Rik	0.864185334089061	0.761171747762867	NA
4933431G14Rik	1.42207812245205	2.39716632144825	NA
4933433G15Rik	2.51112874288725	1.86433593416446	NA
4933439C10Rik	1.18763732819937	1.10231938570479	NA
5031425E22Rik	NA	0.902741783498663	NA
5031434O11Rik	3.99332858665067	4.47312432503453	NA
5033403F01Rik	3.64119682286616	NA	NA
Dubr	NA	0.760457235820935	NA
5430405H02Rik	NA	0.724858672479582	NA
5430416N02Rik	1.68916925894673	2.62777030335687	NA
5530601H04Rik	NA	0.796713479356421	NA
5730409E04Rik	1.46457737635481	NA	NA
5830417I10Rik	0.799724266297519	0.626859768737997	NA
5830428M24Rik	NA	NA	35.707104988071
5830444B04Rik	0.592924406974484	0.814966007197603	NA
5830454E08Rik	2.21781183657051	NA	NA
6230400D17Rik	NA	1.67893911729371	NA
6330407A03Rik	1.77834330020348	2.40057559212894	NA
6330408A02Rik	1.45386221948938	NA	NA
6330418K02Rik	0.751637911695391	0.886840581381729	NA
6820431F20Rik	NA	1.99594668383074	NA
8030423J24Rik	0.868355826442605	NA	NA
8430408G22Rik	2.13225657764365	NA	NA
9130019P16Rik	NA	1.84907636833188	NA
9330020H09Rik	NA	1.08715298173363	NA
9330151L19Rik	1.37076467210437	1.95330088369952	NA
9330175E14Rik	NA	1.92162880742766	NA
9430015G10Rik	0.962379598696112	0.678007110546027	NA
9430060I03Rik	0.839949044686558	NA	NA
9430091E24Rik	0.86112828360004	NA	NA
Zfp976	1.86324603495426	1.68215123929658	NA
9930021J03Rik	0.739164211218198	0.93240103138937	NA
9930104L06Rik	1.04575686450644	0.899263383929661	NA
9930111J21Rik1	1.63896679547818	1.42829867939521	NA
A230056P14Rik	0.620805693983891	0.763313564767552	NA
A330023F24Rik	3.14935477158983	NA	NA
A330040F15Rik	NA	1.67442941205194	NA
A430090L17Rik	1.71382449196276	NA	NA
A430093F15Rik	3.90910606346769	NA	NA
A430105I19Rik	4.75235043450492	NA	NA
A530032D15Rik	NA	1.94140087913645	NA
A530072M11Rik	NA	1.30761265276568	NA
A530088E08Rik	NA	0.810459224732924	NA
A630001G21Rik	1.01399224623292	0.594211105076765	NA
A630033H20Rik	NA	NA	0.853679541314325
A630089N07Rik	NA	1.39615873398673	NA
A730017L22Rik	0.856671638283885	NA	NA
A830052D11Rik	0.672665408607825	NA	NA
A930005H10Rik	-0.630287060502282	NA	NA
A930006K02Rik	NA	1.20027178481051	NA
A930013F10Rik	NA	1.50605962615173	1.83349038532289
A930024E05Rik	1.58139169203568	0.858073835494322	NA
AA413626	NA	2.91998787867004	NA
AI182371	NA	4.33775173223923	NA
AI429214	0.65823837577001	NA	NA
AI450353	1.4891962579741	1.98265447459581	NA
AU022793	1.04351200523781	NA	NA
AU041133	NA	NA	1.05337317133821
Aasdh	NA	0.747663338094959	NA
Aatk	1.00073040056554	NA	NA
Abcc5	0.745611578326466	1.24344557636947	NA
Abhd1	2.29802070143115	1.74643376161881	NA
Abi3	-0.604733900401763	NA	NA
Ablim1	0.752089451663079	NA	NA
Acad10	NA	0.663035024025412	NA
Acat2	-0.660634851939379	NA	NA
Ace	17.8276389834878	NA	NA
Acer2	-1.76614914036891	NA	NA
Ache	-0.988310304812747	NA	NA
Acin1	0.649550915317413	0.862773602865854	NA
Acrbp	1.63649533833989	2.61543965466708	NA
Acsbg1	NA	-3.297230691558	NA
Actc1	NA	-4.34342612071706	NA
Actg2	NA	-3.21140228715157	NA
Actr5	NA	0.586481752127273	NA
Acvrl1	NA	-0.643913255107262	NA
Ada	NA	-0.598587260401219	NA
Adam1a	3.06443539566978	4.82231708268867	NA
Adam22	1.10294902747331	NA	NA
Adamts10	1.7982583275772	1.88933294797424	NA
Adamts16	NA	1.11643333517069	NA
Adamts2	NA	NA	15.7317990333803
Adamts6	NA	1.5089869921968	NA
Adamtsl4	2.10514858365434	NA	NA
Adap2	0.635503561054999	NA	NA
Adat1	NA	0.646537909732493	NA
Adat3	1.0038600853124	NA	NA
Adck5	0.854647245669047	0.601084038694305	NA
Adcy1	-4.13499871116679	NA	NA
Adcy6	NA	1.12491137914748	NA
Adcy7	0.642596369520186	NA	NA
Adcy9	0.642385650263036	NA	NA
Adgre4	NA	-1.14192984284882	NA
Adgrl1	1.52809018967449	1.00124133346675	NA
Adhfe1	0.76795655362954	0.882529436685315	NA
Adipor2	0.619750651431174	NA	NA
Adnp	NA	1.04892590957475	NA
Adrb1	NA	-0.66013443911289	NA
Grk3	1.22768937459062	0.809877945180008	NA
Adssl1	NA	-0.651737112613608	NA
Aen	0.722476435678529	NA	NA
Aes	NA	-0.599248087506549	NA
Afap1l1	0.670054739480139	NA	NA
Agap1	1.19055361720095	NA	NA
Ager	NA	2.55642423038675	NA
Ago1	0.687389834206696	NA	NA
Ago2	1.07277215420854	0.820023343001785	NA
Ago3	0.839557358072	1.01561291056462	NA
Ago4	NA	0.867889129654616	NA
Agpat5	-0.600116130896357	NA	NA
Agtpbp1	0.733582787381566	0.708752457679167	NA
Ahctf1	NA	0.736308328081065	NA
Ahdc1	0.708270192183831	0.635679254310188	NA
Ahsa2	NA	0.73063440438638	NA
Aif1	NA	-0.625905367308094	NA
Aim2	NA	0.775663485299351	NA
Aipl1	-4.7272263030105	NA	NA
Akap11	0.667135422468835	0.853179049483676	NA
Akap12	1.72699095969851	NA	-2.7156366471988
Akap13	0.636978876758442	0.731044670167429	NA
Akap8	0.69600603199969	0.807789119495378	NA
Akap8l	NA	1.15147529949011	NA
Akap9	NA	0.634360058109867	NA
Akr1c13	-1.01072073732141	NA	NA
Akt3	NA	0.88545449523409	NA
Aldoc	NA	-1.84931436950891	NA
Alg3	NA	-0.602766339905304	NA
Alkbh1	NA	0.903012555594251	NA
Alpk1	0.973374640583651	1.26910611153427	NA
Amer1	0.708068214047803	0.850647761187953	NA
Amotl1	1.23715791294824	0.66383492036067	NA
Anapc13	-0.667554979445874	NA	NA
Angptl1	NA	1.30272350440327	NA
Angptl3	NA	1.22803808010529	NA
Angptl7	-0.736198328241866	-0.719528977905482	-0.781958125188232
Ankhd1	NA	0.924785958214375	NA
Ankrd10	NA	0.608204182916671	NA
Ankrd11	1.13387107470436	0.836431698290855	NA
Ankrd12	0.650159379641469	0.730914621472972	NA
Ankrd16	1.22612467354664	2.16011980608678	NA
Ankrd17	0.604205346624118	NA	NA
Ankrd23	2.75600044175167	2.86036725955507	NA
Ankrd26	NA	0.871266912731515	NA
Slf1	0.604722633099509	NA	NA
Ankrd33b	-5.67497748605824	NA	NA
Ankrd34b	NA	5.39040044180013	NA
Ankrd39	0.618611799542957	0.819839451853773	NA
Ankrd52	1.3847004683956	2.22635793051553	NA
Ankrd55	2.41296210584355	NA	NA
Anks1	0.69426285476762	0.602196235484738	NA
Anks3	1.08207089629819	1.31631903211419	NA
Anln	NA	1.89878309794733	NA
Ano6	NA	-0.706315052163403	NA
Ano7	1.19803142415522	0.972959802132165	NA
Anxa1	-4.24561697061208	-5.98024311168272	NA
Anxa11	0.70570196104874	NA	NA
Anxa2	NA	-1.11274796315325	NA
Anxa5	NA	-0.594373118454449	NA
Aoc2	NA	4.46870336038516	NA
Ap4m1	NA	0.678538201844906	NA
Ap5z1	0.727750961784042	NA	NA
Apba1	0.58836671750755	NA	NA
Apbb3	1.35324781310368	1.39180554798517	NA
Apc	1.06334885285949	1.13249755334294	NA
Apobec1	0.620996327274166	NA	NA
Apoe	NA	NA	-1.85519867239132
Arap2	NA	0.885439543621203	NA
Arfgef1	NA	0.7973866638747	NA
Arfgef2	0.587722529944849	NA	NA
Arglu1	NA	0.979775637110874	NA
Arhgap11a	NA	0.744920774471355	NA
Arhgap21	NA	1.28101499426315	NA
Arhgap27os3	1.69276113659944	1.01876578699331	NA
Arhgap30	0.656531424914888	0.721346673417081	NA
Arhgap32	NA	0.962938117972774	NA
Arhgap35	0.636386830274502	NA	NA
Arhgap39	NA	1.02484567043944	NA
Arhgap4	0.997571154956601	NA	NA
Arhgap6	NA	-3.23921295391861	NA
Arhgef11	NA	0.683026435937279	NA
Arhgef12	0.932770478374594	1.04613068295641	NA
Arhgef26	NA	-3.72813260851951	NA
Arhgef4	1.32148491834397	1.14151700605819	NA
Arid1a	0.694120965500705	NA	NA
Arid3a	NA	0.918412390059199	NA
Arid3b	0.586991253796997	0.643796046631831	NA
Arid4a	NA	0.589183852051802	NA
Arpc4	-0.588063096701658	NA	NA
Arrb1	0.723047467496936	NA	NA
Arrdc2	1.05713093594964	0.661707248813291	NA
Arrdc4	0.650163429657742	0.638290538459852	NA
Asb3	-0.636784115218067	NA	NA
Ascc3	0.628114223049162	0.588628517332139	NA
Asf1b	-0.639541424645252	NA	NA
Ash1l	0.964252225874468	1.39784917301012	NA
Asun	NA	0.726019664631259	NA
Atad2	0.627744620077751	NA	NA
Atad2b	0.756365217861829	1.13085273575902	NA
Atf4	NA	0.772418020468092	NA
Atf7	0.726145762435113	0.964051790223484	NA
Atg16l2	NA	0.727448560859551	NA
Atg2a	NA	0.637380102665326	NA
Atg2b	0.704589154985473	0.764102973836986	NA
Atic	0.961340152452686	NA	NA
Atm	1.00471921931836	1.07521730882341	NA
Atox1	-0.592592935101005	NA	NA
Atp10d	1.25625844957516	1.63728556657755	NA
Atp1a3	NA	-1.03690537050966	NA
Atp1b2	-3.69455098107748	NA	NA
Atp5a1	-0.601315902531228	-0.614145975197834	NA
Atp5e	-0.74172723548488	NA	NA
Atp5k	-0.916006169801969	NA	NA
Atp8b2	NA	0.945237387392957	NA
Atp9a	NA	-1.3789579513651	NA
Atr	NA	0.984532933225566	NA
Atrx	0.653312566643554	0.96125544467849	NA
Atxn1	1.16347402172781	NA	NA
Atxn1l	0.68135552947386	NA	NA
Atxn7	1.10383474273356	1.23901922100897	NA
Avpr2	NA	2.86407061388083	NA
Axl	-0.869464010646275	-0.825612785235221	NA
B130006D01Rik	0.86159914761373	1.24637786329234	1.08198005422394
B230354K17Rik	0.619025023771687	0.787572705233141	NA
B330016D10Rik	NA	1.2798368680911	NA
B3galnt2	NA	0.603751637532093	NA
B3gat2	3.10354978633197	NA	NA
B3gnt7	NA	-1.05403966435292	NA
B3gntl1	1.20456544438773	0.803090786252541	NA
B430010I23Rik	NA	1.01820884348016	NA
B4galnt2	2.3102412607961	2.12782535810944	NA
B630019K06Rik	-2.65532882451029	NA	NA
B930059L03Rik	NA	1.50100379317632	NA
BC005537	0.706162247842903	NA	NA
BC005561	NA	1.02320954380261	NA
BC024978	0.73397567970893	NA	NA
BC029214	0.957631290732216	NA	NA
BC030336	0.672503349919042	NA	NA
BC037032	0.645573965246477	0.903800843625407	NA
BC037034	1.18831004256111	0.91303364849957	NA
BC048403	NA	-0.655563266475398	NA
BC065397	NA	0.825197958816527	NA
BC068281	1.20232243007594	0.755901255474058	NA
Bach1	NA	0.900108295332775	NA
Bach2	0.644566293144265	NA	NA
Bag3	NA	-0.887368004601122	NA
Baiap2l1	NA	0.711367069235365	NA
Baiap2l2	-2.20532063888222	NA	NA
Banp	NA	0.601304615745598	NA
Batf2	NA	-1.32340608903613	NA
Baz1a	NA	0.738503865397985	0.687368102385724
Baz1b	NA	0.904301632481824	NA
Baz2a	0.802492410159408	1.28893509057844	NA
Baz2b	1.04638628362503	1.2652930369609	NA
Bbs12	1.0015690983649	NA	NA
Bbs4	NA	0.611619888974574	NA
Bcl6b	NA	2.27151003100923	NA
Bclaf1	NA	1.09538273829152	NA
Bdp1	0.854027550221239	1.43673357941669	NA
Birc6	0.997986638298333	1.23931705419811	NA
Blm	1.15567166822564	NA	NA
Bmf	0.68389167414056	NA	NA
Bnc2	3.09455993209307	NA	NA
Bod1l	0.758103788085538	0.807944939290056	NA
Bptf	0.846617045210974	0.98596004803919	NA
Braf	0.616794525751266	0.878745557483995	NA
Brca2	NA	0.860679932677883	NA
Brd2	NA	0.880585003309928	NA
Brms1l	NA	0.986302911023755	NA
Brpf3	NA	0.731080048711839	NA
Brwd1	NA	1.05654951192534	NA
Brwd3	1.0301113121166	1.05484023811355	NA
Bsg	-0.613936625670877	-0.640272902042646	NA
Btaf1	0.65051145183862	0.687062976969666	NA
Btbd18	4.96177298278128	NA	NA
Btbd8	NA	0.777138762594844	NA
C030013C21Rik	3.68913756622718	NA	NA
C030016D13Rik	NA	4.60842948589208	NA
C130050O18Rik	NA	-0.656766621409195	NA
C1qa	NA	-0.652977769884704	NA
C1qc	NA	-0.650900730475635	NA
C1rl	NA	-0.957938606121154	NA
C230024C17Rik	NA	NA	23.232832684937
C230072F16Rik	NA	3.97410163613454	NA
C230091D08Rik	0.914576698688131	NA	NA
C2cd5	NA	0.670850817310449	NA
C3	NA	-2.37815832247711	NA
C4b	NA	-1.52628636030053	NA
C530008M17Rik	NA	2.51656767945835	NA
C5ar1	NA	-0.896983238268564	NA
C77080	2.91319717987874	NA	NA
C920021L13Rik	NA	2.0739713957861	NA
Cacna1c	2.29510101340967	1.54250612214576	NA
Cacna1d	0.637019406829833	0.983121305023718	NA
Cacna1e	NA	2.64365071504185	NA
Cadm1	NA	-0.587039142109938	NA
Cadps2	1.18066285212402	NA	NA
Cahm	1.19832701861196	1.45203557304493	NA
Calm3	NA	-0.633554603988594	NA
Camk2a	NA	NA	-1.05930289848921
Camk2b	1.25662843282265	NA	NA
Camk2g	1.34892763555623	NA	NA
Camkk2	NA	0.624796634305964	NA
Camp	NA	-16.4348964941801	NA
Camsap1	NA	0.642780088777067	NA
Camsap2	NA	0.766343027604331	NA
Cant1	NA	-0.598322642893688	NA
Capn1	NA	-0.762053423255707	NA
Capn15	0.642138725311258	0.7098076332655	NA
Capn2	NA	-0.813736362730737	NA
Capns2	1.33005483094461	1.63346876449731	NA
Car11	NA	-0.934570652868309	NA
Car12	18.1834418921303	5.96109968068253	NA
Card9	0.73099942115746	NA	NA
Carf	NA	0.972119950272062	NA
Casp8ap2	NA	0.822692816959026	NA
Catip	0.655252034379544	0.652561185245129	NA
Catsperg1	3.38434953392108	NA	NA
Cav1	NA	-1.4176192960577	NA
Cbl	NA	0.954546100347653	NA
Cbr2	1.8044086202203	NA	NA
Cbx7	0.681483244462508	1.02087222433225	NA
Ccar1	0.630940058171245	0.614807665073003	NA
Ccdc106	0.818881129758124	NA	NA
Ccdc109b	NA	-1.68648410442485	NA
Ccdc138	NA	1.44851832072956	NA
Ccdc142	1.17110949443884	1.74624155638095	NA
Ccdc15	1.4554438587148	NA	NA
Ccdc152	NA	1.29825874678865	NA
Ccdc167	NA	1.20361615384208	NA
Ccdc17	0.711953375910095	0.786260591285254	NA
Ccdc186	NA	0.63345086340193	NA
Ccdc57	1.21348491352304	NA	NA
Ccdc62	1.00941716106003	0.764848615004925	NA
Ccdc66	0.853388944175446	0.851030598381052	NA
Ccdc73	NA	1.18678424902923	NA
Ccdc82	NA	0.742449436486381	NA
Ccdc84	1.16783101146733	1.53289694997848	NA
Ccdc88a	NA	0.632111774906838	NA
Ccl8	NA	-4.84173448065954	NA
Ccnd1	0.652580912245929	NA	NA
Ccnl1	0.955638533451334	1.19771765048855	NA
Ccnl2	0.65953387131622	0.714891060270578	NA
Ccnt2	NA	0.817985973897712	NA
Ccp110	NA	1.0525532756273	NA
Ccr1	-0.783202954912179	NA	NA
Ccr5	-0.613423458361915	NA	NA
Ccr9	3.1891306013308	NA	NA
Ccser2	NA	0.735044142881063	NA
Cd14	NA	-0.61628662050072	NA
Cd151	NA	-1.50596759716347	NA
Cd160	NA	3.94858504811888	NA
Cd163	6.6021080761265	-5.99039398276504	NA
Cd177	-23.130018196881	-37.1139888523372	NA
Cd209a	4.35358534066196	NA	NA
Cd22	NA	-0.948304055638657	-0.733658746431875
Cd24a	NA	-4.39497413743454	NA
Cd27	NA	1.86674802926758	NA
Cd300lf	1.3420835387433	NA	-1.92217034921781
Cd40	2.36151015864226	NA	NA
Cd44	NA	-1.38281922055965	NA
Cd52	-0.743271227692365	-0.638170935504693	NA
Cd63	NA	-0.852305567849335	NA
Cd68	NA	-0.614197898124482	NA
Cd74	NA	-0.991900320828994	NA
Cd79b	-0.635935743417207	-0.7804720307589	NA
Cd81	NA	-0.618886125196964	NA
Cd82	NA	-0.626232641540351	NA
Cd93	NA	-4.5459204851854	NA
Cdan1	NA	0.80760583727613	NA
Cdc42bpa	0.816954801800308	0.98326456313441	NA
Cdc42ep1	-1.22163663191199	NA	NA
Cdh11	NA	1.59976243956282	NA
Cdk11b	NA	0.764341544948743	NA
Cdk12	0.838056938679049	0.632128042898646	NA
Cdk13	NA	0.614711755296722	NA
Cdk16	0.807315799457778	0.775516957074154	NA
Cdk3-ps	5.2690025548947	NA	NA
Cdkn1b	0.755789570698651	0.691635811839568	NA
Cdyl2	0.664369087494223	NA	NA
Cecr2	NA	2.64220634902761	NA
Celf1	NA	0.631335943032053	NA
Cep112	1.0092318849569	0.84033511594744	NA
Cep135	0.718292239085938	1.41855097243264	NA
Cep162	NA	0.816529644884652	NA
Cep164	0.995914222948614	0.680101861627559	NA
Cep170b	3.33548365400962	NA	NA
Cep192	0.812082535877581	0.856281609360869	NA
Cep250	0.830060159676054	0.672023750877782	NA
Cep290	NA	1.22219780314734	NA
Cep295	NA	0.799553869750548	NA
Cep350	1.02121306515604	1.24624299382862	NA
Cep70	NA	0.694306903446497	NA
Cep83	NA	0.739074003768965	NA
Cep85l	NA	0.829998206525169	NA
Cep95	1.1145586912071	1.22801997288211	NA
Cep97	NA	0.714024891496683	NA
Cercam	-0.847204313072311	NA	NA
Cfap74	0.762335555739846	0.787952667492747	NA
Cfhr2	2.8560821065897	NA	NA
Cflar	0.753612178653971	0.831813381278228	NA
Cgref1	NA	1.71230391911767	NA
Ch25h	NA	-1.70353564133174	NA
Chad	NA	-0.646329088458513	NA
Chd1	NA	0.684635509655573	NA
Chd2	0.718637304366492	1.21008803183133	NA
Chd3	NA	1.52906599908399	NA
Chd6	0.821129122809679	1.00455270156556	NA
Chd7	0.828667432896633	1.11098320493358	NA
Chd8	0.695453793065729	0.662937114481024	NA
Chd9	1.04436235727754	1.52104416653392	NA
Chfr	NA	0.599567518531393	NA
Chil1	1.46072363570976	NA	NA
Chil3	-11.3377630519477	-29.1671670072224	8.17743222281024
Chkb	0.869741828922358	1.21713322624837	NA
Chn1	NA	-2.47334905366996	NA
Chrm2	NA	NA	24.0709294032397
Chtf8	NA	-0.63066097041386	NA
Chuk	NA	0.718075683595884	NA
Ciart	NA	-1.28974179879092	NA
Cic	0.791295672073449	NA	NA
Cirbp	NA	-1.0487040768684	NA
Cited2	NA	-0.694822788422765	NA
Cks2	NA	0.637402543741596	NA
Clasp2	NA	0.666152485456616	NA
Clasrp	0.7982412568407	1.03187307369969	NA
Clec12a	-4.05149537729941	-3.54834352613825	NA
Clec2d	NA	3.60952060941762	NA
Clec4a1	NA	-1.11029340968705	NA
Clic4	NA	NA	-1.05871017152702
Clip2	0.989789741431801	NA	NA
Clk1	1.26349438304503	1.32506480226393	NA
Clk4	1.08847586673199	1.27687826552061	NA
Cln5	-0.600315006984516	NA	NA
Clock	0.646223154702558	1.11138391280168	NA
Clu	NA	NA	-2.72345032398329
Cmpk2	-1.38800326806223	NA	NA
Cmtm4	0.752123971589565	NA	NA
Cmtm6	-0.604622956241481	NA	NA
Cmya5	NA	1.75851834187985	NA
Cnga1	-5.35259930185949	NA	NA
Cnot6	NA	0.769869235343551	NA
Cntd1	3.32922078551376	NA	NA
Cntrl	1.28554725070226	1.51421971113021	NA
Cntrob	NA	0.932362132613767	NA
Cobll1	NA	-4.86740921346928	NA
Col15a1	0.830037810474573	NA	NA
Col20a1	NA	2.44870576879248	NA
Col27a1	1.44099758764104	1.70243175993938	NA
Col4a3bp	NA	0.585955677254331	NA
Col4a4	4.41170225242502	NA	NA
Col9a2	-2.82217312344417	NA	NA
Col9a3	4.41326066045463	NA	NA
Colec12	NA	-4.81691686685289	NA
Commd9	NA	-0.654713182022631	NA
Comp	1.74329947224214	NA	NA
Copz2	NA	-0.58704666570388	NA
Cotl1	NA	-1.04730935053222	NA
Cox6a2	-1.19913330431832	-0.708748561885868	NA
Cox8a	-0.647595048350156	NA	NA
Cpne9	3.16264914163213	NA	NA
Cpq	-0.707707345503629	NA	NA
Cpsf7	0.967008240156081	NA	NA
Cpxm1	5.78433725870643	-9.2568748673494	32.1227798224303
Cracr2a	NA	1.19913682148663	NA
Cracr2b	0.719012072995214	0.983483719194768	NA
Cramp1l	0.901168853986536	NA	NA
Creb3l1	NA	-0.770403696975251	NA
Creb5	NA	-1.05651647167845	NA
Crebbp	0.793209713697292	0.647601500428928	NA
Crebl2	1.37798170595788	1.48604102732758	NA
Crebzf	0.701933854057375	1.46110704205418	NA
Crip1	NA	-0.662643862624831	NA
Crlf2	-1.31505831331671	-0.798366494494826	NA
Crocc	NA	1.55486632863924	NA
Crx	-5.71439972667097	NA	NA
Cry2	0.613275442492542	0.741370704999248	NA
Crybg3	0.593335538320564	1.04718440129182	NA
Csf1	NA	NA	-1.13433629169801
Csmd3	NA	1.30347466180039	NA
Csnk1g1	0.602040975682668	0.80926760661437	NA
Csrp1	-1.07756627910488	-1.00211655199648	NA
Ctrl	4.53980047319332	3.69949087689837	NA
Ctse	NA	-1.34690923765673	NA
Ctsz	NA	-0.606424922257765	NA
Cx3cl1	NA	-3.46337660360982	NA
Cxcl13	-3.82478911225807	NA	NA
Cxcl14	-3.02607292313791	-3.65010252071102	NA
Cxcl16	NA	-0.664496948747049	NA
Cxcl17	1.68211507521971	1.76490238192748	NA
Cxcr4	NA	-3.31449316947683	NA
Cxxc5	-0.659443744296854	NA	NA
Cyba	NA	-0.745375398876306	NA
Cycs	-0.592276694631635	NA	NA
Cyfip2	NA	-2.26709660336381	NA
Cyp4f18	NA	-0.97008969808526	NA
Cytip	0.792072304456916	NA	NA
D030028A08Rik	0.680807795820735	0.901507626963323	NA
D130040H23Rik	NA	0.838158953184364	NA
D17H6S56E-5	NA	-0.637802449486423	NA
D330050I16Rik	NA	1.34580742298356	NA
D3Ertd751e	0.740872641625857	0.662881119888525	NA
D5Ertd579e	0.927182346095508	0.762277039059559	NA
D730005E14Rik	NA	0.671710738526612	NA
D830031N03Rik	2.20183002999376	1.42085518182853	2.18547758613468
D830046C22Rik	1.31738303380254	NA	NA
D930015M05Rik	2.75464729458197	4.11527254434029	NA
D930016D06Rik	1.41931701990541	2.02686565784294	NA
Dab2	NA	-0.622728527107547	NA
Dact1	-1.42396774900211	NA	NA
Dagla	0.605901229323665	NA	NA
Dalrd3	1.52466075736319	0.631006994833921	NA
Dancr	NA	2.3546993738618	NA
Dand5	0.686699272374717	0.595965040925687	NA
Dbn1	NA	-4.22783420182605	NA
Dcaf15	0.747233308013969	NA	NA
Dcaf5	NA	0.737299859456473	NA
Dcaf6	NA	0.598313600408777	NA
Dclk2	1.13586760224156	NA	NA
Dclre1b	NA	-0.660435020121043	NA
Dclre1c	0.854453042109392	0.96384504671238	NA
Ddb2	NA	0.692598742437434	NA
Ddhd2	NA	0.678152719328762	NA
Ddi2	0.705244241329005	0.992123363757947	NA
Ddit3	NA	0.847399694022518	NA
Ddit4	NA	-1.0444236342365	NA
Ddx11	NA	1.055661779912	NA
Ddx17	0.895766794422341	1.31136492275121	NA
Ddx18	NA	-0.599999669950654	NA
Ddx19b	NA	0.590880092302299	NA
Ddx23	0.917968642160597	0.791565561709718	NA
Ints6l	0.742685073820099	1.1279156892257	NA
Ddx3y	13.0555382372856	12.6593477113241	8.21889837619828
Ddx43	1.43807989350763	NA	NA
Ddx6	0.742172879947118	1.03551582083264	NA
Ddx60	1.02793631005416	0.642011469547462	NA
Degs1	NA	-0.605529073942119	NA
Degs2	1.69401690651257	2.41729535357985	NA
Dennd4a	0.691263729069831	NA	NA
Dennd4c	NA	0.603066054052823	NA
Dennd6b	1.44123477595056	1.17047885872812	NA
Depdc5	NA	0.592314039173233	NA
Deptor	0.652128831441529	NA	NA
Dffb	0.649566886029108	NA	NA
Dgat2	NA	-1.46343895728695	NA
Dgkh	NA	1.15624220223938	NA
Dgkq	0.848597807881625	1.18310471428216	NA
Dhcr7	NA	-0.649559695158361	NA
Dhdh	1.31496526508	0.811466263988402	NA
Dhrs7	NA	-0.621303739493606	NA
Dhx57	NA	0.737930652717038	NA
Dhx58	NA	NA	-0.861290773707175
Dhx9	NA	1.64235966631243	NA
Dicer1	0.772696592274543	0.961094134856575	NA
Dido1	0.714519497753709	0.828433114024873	NA
Diexf	0.697822937608877	NA	NA
Dip2a	NA	1.21711212941757	NA
Dip2c	0.675780816979821	NA	NA
Disc1	0.669289503149167	1.26968145798192	NA
Dlc1	NA	1.40217884254055	NA
Dlg1	0.613102417154665	NA	NA
Dlg5	-1.75574761505762	NA	NA
Dmrtb1	NA	1.12999211994793	NA
Dmxl1	NA	0.715439031304778	NA
Dmxl2	1.04234753674121	1.67168490171353	NA
Dnah17	3.27667725673497	2.9607990482892	NA
Dnajc13	0.705724656416718	0.658286663534987	NA
Dnajc17	NA	-0.604077069772579	NA
Dnase1	NA	2.72672853622562	NA
Dnase1l2	3.87700348681289	3.01037012557754	NA
Dnm1	NA	-2.46220547412833	NA
Dnmt3a	0.65008205404504	1.0253073515483	NA
Dnmt3b	NA	1.40011179347388	NA
Doc2g	3.60365719497509	NA	NA
Dock9	0.599277384160337	0.632965858122974	NA
Dolk	-0.59580637532651	NA	NA
Dopey1	1.02573691180105	0.706317755328049	NA
Dot1l	0.93776918014944	1.03399199942334	NA
Dpagt1	NA	-0.706604543989903	NA
Dpm3	-0.707694136399266	NA	NA
Dpp7	NA	-0.607999749724299	NA
Dpysl2	NA	-0.617637689247291	NA
Dqx1	NA	3.37669014203763	NA
Dst	1.72232761629593	1.65211031292486	NA
Dtd1	NA	-0.596299741645548	NA
Dtna	NA	-3.86047389052882	NA
Dtx3	0.872550902157297	NA	NA
Dus4l	NA	0.957350681350496	NA
Dusp1	1.98550915302433	NA	NA
Dusp10	NA	-1.04182569018645	NA
Dusp11	NA	0.757414048296561	NA
Dusp18	NA	1.06430390074157	NA
Dusp2	0.947093778659945	NA	NA
Dusp9	NA	-2.12824160312316	NA
Dvl1	1.04747238066713	1.47772472150589	NA
Dync1h1	0.980755701481328	NA	NA
Dync2h1	1.37385538927666	NA	NA
Dynll1	NA	NA	0.613857461547951
Dynll2	NA	0.598534986222517	NA
Dyrk4	0.706247669280314	NA	NA
E030024N20Rik	1.31732631120086	1.30197398179022	2.11909106664028
E130102H24Rik	NA	1.94488344724263	NA
E130215H24Rik	0.618580932171627	NA	NA
E130317F20Rik	NA	0.642876069348448	NA
E330009J07Rik	NA	1.00896163968307	NA
E330020D12Rik	1.2836264294396	2.14567571107317	NA
E330033B04Rik	NA	0.89107787131828	NA
E4f1	NA	0.75949453594803	NA
E530011L22Rik	1.64848838615805	NA	NA
Ebf3	NA	0.715872216589948	NA
Edrf1	NA	0.597516575343945	NA
Eea1	0.606877439129416	NA	NA
Eefsec	NA	-0.647291962778754	NA
Efna2	-17.478064708933	NA	NA
Egf	3.9382908874019	3.11775289623788	NA
Egfl8	2.85255570675713	2.64966283166786	NA
Ehbp1	NA	0.920146157880079	NA
Ehd1	NA	-1.26865502548408	NA
Eif2ak2	0.727072896111316	0.74118806906917	NA
Eif2ak4	NA	0.835219954260032	NA
Eif2s2	NA	-0.625724246111147	NA
Eif2s3y	12.3862002962171	12.5809470230321	9.04545349411788
Eif4a2	0.825013083748792	1.37836798361944	NA
Eif4ebp2	1.13838779226537	0.832792922782611	NA
Eif4ebp3	1.13226337014432	0.987894491909468	NA
Elavl1	-0.706765818899366	NA	NA
Elmsan1	0.597127965976021	NA	NA
Elovl4	-5.58932641857014	NA	NA
Emc10	NA	-0.619275990419716	NA
Eme2	0.639586877740534	NA	NA
Eml5	1.42984496524006	2.47769465081324	NA
Eml6	NA	1.10181366668559	NA
Emp3	NA	-0.663358156391925	NA
Enah	NA	2.87157181803312	NA
Endov	0.902105957846741	NA	NA
Enho	-0.890307981487347	-0.656625441856613	NA
Eno1	NA	-0.586030877341721	NA
Eno4	0.8505625002281	NA	NA
Ep300	NA	0.700381862953543	NA
Ep400	0.930049655334093	0.895999515365891	NA
Epb41l3	NA	-0.616022799744506	-0.752752917590067
Epb41l4aos	NA	1.05890046661743	NA
Epg5	0.813047434306791	NA	NA
Epha1	NA	1.17184250503417	NA
Ephx1	NA	-0.657843334874604	NA
Ephx2	NA	-3.9867343767045	NA
Epm2aip1	0.624515910392139	0.99248475970619	NA
Eps8l2	24.0015495317682	32.4493425289116	NA
Erbin	NA	0.828786417366018	NA
Erdr1	2.08720705780004	NA	NA
Ern1	0.630483657021185	NA	NA
Ero1l	-0.705360601895112	NA	NA
Ero1lb	-0.59533869524631	NA	NA
Erp27	NA	2.63189756263277	NA
Esam	NA	NA	22.0003765563575
Esco1	NA	0.784984047355934	NA
Esrp2	NA	3.62851314146479	NA
Esrrg	-4.17819794061425	NA	NA
Etl4	NA	-2.97306828773472	NA
Etohd2	NA	1.09879167753979	NA
Zfp971	NA	1.88707003578525	NA
F11r	-0.684019801293321	NA	NA
F13a1	3.27738806420236	NA	NA
Fabp3	NA	-1.34813031204285	NA
Fads3	1.45427684024122	NA	NA
Rflnb	NA	-5.72016295604764	NA
Fam110a	-0.686452438809139	NA	NA
Fam126b	NA	0.586173206794013	NA
Fam129c	3.00127248585774	3.85554937656151	NA
Fam132a	3.31919740640445	NA	NA
Fam135a	NA	0.727205676678021	NA
Fam13b	0.725675359191166	1.28187385472225	NA
Fam171b	NA	-4.82246801826578	NA
Fam184b	NA	2.31302391503659	NA
Fam193a	0.984948262467537	0.74903483920459	NA
Fam193b	1.63449752828189	1.79373152310128	NA
Fam196a	NA	1.60513452140892	NA
Fam196b	1.60750964784751	1.71092096915514	NA
Fam208a	0.631970537043851	NA	NA
Fam208b	0.849135778977195	1.14565405313555	NA
Fam20c	NA	NA	-0.947726049291604
Fam210a	NA	0.715022471271459	NA
Fam213a	NA	-0.704784174787827	NA
Fam214a	NA	0.66753183729357	NA
Fam217b	0.684546378039608	NA	NA
Fam227a	NA	3.19408711475788	NA
Fam46b	-16.893111243579	NA	NA
Fam83d	12.2003886828075	NA	NA
Fan1	NA	0.776807028046889	NA
Fanca	NA	1.75884111868959	NA
Fancm	NA	1.27111944710436	NA
Far2	NA	2.43585502398888	NA
Fastkd3	0.652491953703933	0.776790436356166	NA
Fat3	0.95345563191038	0.984049884665983	NA
Fbrs	0.679446441154699	NA	NA
Fbxl12	1.02942393820379	1.13635969933485	NA
Fbxl18	1.9477882785774	0.871913880195308	NA
Fbxl19	0.68401344564719	0.919169818908637	NA
Fbxo11	1.13052162040989	NA	NA
Fbxo36	NA	-0.633179277398975	NA
Fbxo40	NA	-3.31780391797141	NA
Fbxo5	1.54119407962137	1.3449179761772	NA
Fbxo9	0.626067660722814	0.835545661963122	NA
Fbxw17	0.725947466740808	NA	NA
Fcgr4	NA	-0.840533991685806	NA
Fchsd2	NA	0.641901792823802	NA
Fcnb	-20.8056528848349	-8.37443103585341	8.93825536136199
Fcrls	-0.597364743935053	-0.629318028138554	NA
Fgd3	0.630828971532677	0.970646627743556	NA
Fgd4	NA	0.802279112494708	NA
Fgf1	-1.33665407075034	NA	NA
Fgf13	-0.728401114487119	NA	NA
Fgfr1op	0.707369043486033	NA	NA
Fggy	NA	NA	0.76184771162765
Fgl2	-0.769557809544423	NA	NA
Fgr	NA	-0.961307403660941	NA
Fhl3	NA	-0.906733918366701	NA
Fignl2	1.82233783078838	NA	NA
Firre	2.39194876371934	2.71607951670693	NA
Fkbp2	-0.597516696140518	NA	NA
Fkbp5	NA	-0.864514122539048	NA
Flrt1	NA	3.35455639129626	NA
Fmn1	0.787493702090561	NA	NA
Fmnl2	0.700711217664007	NA	NA
Fn3krp	1.29110258381832	NA	NA
Fnbp1	0.61091368867177	NA	NA
Fnbp4	1.53665711347032	1.81699667692626	NA
Fndc7	2.51158942183336	NA	NA
Focad	NA	NA	0.737846639122244
Fos	3.69342485397954	3.46045404683328	NA
Fosb	5.38758288617044	2.82429005866522	NA
Foxj1	NA	NA	29.1921864089427
Foxo3	1.34095340673503	NA	NA
Frg1	-0.692794842448431	-0.646595540531427	NA
Fry	1.28963558637516	NA	NA
Fryl	NA	0.748239258032478	NA
Fst	NA	NA	27.4822777310345
Ftx	1.50860441306406	1.70268281732139	NA
Fuk	0.631188990500035	NA	NA
Fxyd5	NA	-1.17636025260877	NA
Fyco1	1.44940752966656	1.64515173070445	NA
Fzd8	-1.28176472591898	NA	NA
Gab2	1.05058259401626	0.812424425457164	NA
Gabpb2	1.66153466185774	1.3851108447209	NA
Gadd45g	0.961431892528242	1.10910950612643	NA
Gadl1	NA	-0.720934436277422	NA
Galk1	NA	-0.657131109254194	NA
Galns	-0.657903201378654	NA	NA
Galnt12	-0.598904063028829	NA	NA
Galnt6	NA	-0.812924552392026	NA
Gan	1.9285970143996	1.1445131982099	NA
Gap43	NA	-4.13667750373784	NA
Gapt	NA	-3.05151837217185	NA
Garem	3.29516790018075	NA	NA
Gas5	1.0583988559211	1.28909198772709	NA
Gas7	NA	-3.91319479067654	NA
Gba2	NA	0.598856767282395	NA
Gbp4	NA	3.6646825683865	NA
Gbp5	NA	0.713274709168217	NA
Gbp7	0.894528221341531	NA	NA
Gbp9	NA	0.70072028524826	NA
Gcc2	NA	0.778551641542287	NA
Gcnt7	NA	0.958344416937629	NA
Gda	NA	-5.37363302586991	NA
Gdap10	0.955113557170598	1.33327076740314	NA
Gdf9	0.81733516716461	NA	NA
Gdi1	0.926057215463169	NA	NA
Gem	NA	0.916215994103405	NA
Gfap	NA	-2.47328673322777	NA
Gfm2	0.61823107351125	0.914436569339529	NA
Gigyf1	1.21681897203308	1.4126137456419	NA
Gigyf2	0.672008869431739	0.922459812852287	NA
Gimap5	0.856117574249805	NA	NA
Gja10	NA	NA	22.5299432658019
Glb1	NA	-0.618684696339253	NA
Glis3	0.712431335972775	NA	NA
Glmp	NA	-0.647113074711865	NA
Gltscr1	0.724196141481286	1.01638469414418	NA
Gm10033	NA	0.698683377043289	NA
Gm10336	1.4318020546692	NA	NA
Gm10406	1.99186737587703	1.68079326536181	NA
Gm10548	NA	1.28872852699743	NA
Gm10658	NA	3.18233424227299	NA
Gm10677	NA	1.21563355808535	NA
Gm10767	2.02761425242665	NA	NA
Gm10865	NA	3.09983159707212	NA
Gm11423	1.47637863784992	0.954158239385182	NA
Gm11696	1.28238281875812	NA	NA
Gm11944	2.07996282895073	1.16918964686298	NA
Snhg15	2.14425839240775	2.62847616546389	NA
Gm12338	0.729466118044934	1.16712393434299	NA
Gm12522	NA	0.76260629120868	NA
Gm128	0.703403968138713	NA	NA
Gm13293	2.32276969535972	2.24092837105971	NA
Gm13807	2.65169745682178	NA	NA
Gm14023	1.7362173547751	2.1633887100342	NA
Gm14092	4.19664375049677	NA	NA
Gm14305	1.59137597431864	NA	NA
Gm14325	NA	0.798626546490552	NA
Gm14403	NA	1.38896627691842	NA
Zfp970	1.80397345324083	1.65871490652108	NA
Gm15441	3.6805391406438	1.84259625244127	NA
Gm15471	1.14116021001985	1.05926254647003	NA
Gm15545	NA	1.08743820983961	NA
Gm15708	1.47439566988483	2.34059838947615	NA
Gm15713	3.536826741659	2.85115342828433	NA
Gm15787	1.38349122476106	NA	NA
Gm15800	1.26493488360523	1.52167780124197	NA
Gm16023	NA	1.38794402818343	NA
Gm16287	3.99948527464681	NA	NA
Gm16576	NA	0.780547276737332	NA
Gm16617	NA	1.04522167169745	NA
Gm16702	NA	0.89839000029525	NA
Gm16712	3.71988357405319	2.22711775127345	NA
Gm16897	1.12953230743523	1.09951298779747	NA
Gm16973	2.30681084115625	2.83544214220928	NA
Gm16982	NA	3.77281184358513	NA
Gm16998	2.89387120826087	NA	NA
Gm17066	1.41977029003474	1.4741781256655	NA
Gm1821	-1.12138632585296	NA	NA
Gm19466	NA	2.55016031086601	NA
Gm1966	1.19760933033434	1.21110080401933	NA
Gm19689	1.77521463691352	NA	NA
Gm20199	1.18813968661817	1.74534822643096	NA
Gm20219	4.86796111476611	NA	NA
Gm20257	1.47420797736985	1.72848159479758	NA
Gm20300	NA	0.640046218641702	NA
Gm20337	1.3975996385152	NA	NA
Gm20605	3.34887650281127	3.39717082189493	NA
Gm20745	NA	-3.16978859932712	NA
Gm20939	NA	0.881779981150735	NA
Gm21057	NA	0.894009084854318	NA
Gm2518	2.95984914754543	NA	NA
Gm3002	1.44244581763042	1.18435209486064	NA
Gm31763	NA	2.07846779682089	NA
Gm3414	0.915984835116204	1.42383813586439	NA
Gm3558	1.63649400791334	1.63073690153877	NA
Gm3636	2.06889693274109	1.21416121013705	NA
Gm4432	NA	2.38408273840186	NA
Gm4925	3.86409889071439	NA	NA
Gm5069	1.25465759276021	NA	NA
Gm5141	0.807759140710975	0.951122289424829	NA
Gm5464	1.56370971628585	NA	NA
Gm5468	5.31679120838503	NA	NA
Gm5544	NA	1.09956586640991	NA
Zfp975	0.62764724978436	0.69511948850223	NA
Usf3	1.09517360538797	0.97689642547469	NA
Gm6277	0.616888357720004	NA	NA
Gm6525	2.29492514808974	NA	NA
Gm6548	NA	0.627263486753083	NA
Gm6654	NA	1.53604190663331	NA
Gm6961	NA	NA	29.9859082654063
Gm7694	0.741058270774516	0.676283750572933	NA
Gm7854	NA	1.39086158969281	NA
Gm996	1.08482481563211	0.825046979807282	NA
Gmeb1	0.751539703017392	NA	NA
Gnat1	-9.47016924411702	NA	NA
Golga4	0.959984888904404	1.16578872363517	NA
Golgb1	1.15406729999069	1.0043078941799	NA
Golt1b	NA	-0.775465100292095	NA
Gon4l	0.935409493944388	0.623220486498237	NA
Gpatch1	NA	NA	-0.648832396861261
Gpatch2	0.599114077799682	NA	NA
Gpatch4	0.84927781401181	NA	NA
Gpc2	NA	2.10944705116166	NA
Gpc4	NA	3.30791654904301	NA
Gper1	NA	NA	5.27546573111665
Gpm6b	NA	-0.639464113378606	NA
Gpr155	-0.606739866480984	NA	NA
Gpr162	NA	-0.874056053633357	NA
Gpr171	NA	NA	21.0822375250137
Gpr22	NA	2.13618643543324	NA
Gpr65	NA	-1.16897862113622	NA
Gpr68	NA	2.92460693938713	NA
Gpr84	NA	-0.719547418456857	NA
Gprc5c	NA	NA	18.5010598901689
Gpx2-ps1	NA	3.64642140421595	NA
Gpx3	2.92210456296533	NA	NA
Gpx7	-2.30751309935829	NA	NA
Gramd1a	0.8630426049813	1.11952581032208	NA
Grin3a	NA	4.81055498918691	NA
Grk4	NA	1.49290482799932	NA
Grwd1	NA	-0.636282928394072	NA
Gsap	0.685002251755126	NA	NA
Gsn	NA	-0.966553691074279	NA
Gstm1	NA	-0.945814569441524	NA
Gstm7	-1.16402169905053	-1.11611358025841	NA
Gt(ROSA)26Sor	NA	1.07149283889551	NA
Gtf2ird2	NA	NA	-0.672129651647002
Gtpbp2	1.00438103914669	0.665946775199013	NA
Gtpbp6	1.48319485047973	1.31702923310415	NA
Guca1b	NA	2.70336163536616	NA
Gucd1	0.613947226978398	NA	NA
Gxylt1	NA	0.69698570594013	NA
H2-Aa	NA	-1.58809561010994	NA
H2-Ab1	NA	-0.785985875203488	NA
H2-D1	NA	-0.622795317030148	-0.599380800692192
H2-Eb1	NA	-1.45882999166752	NA
H2-K2	2.14511935555214	2.99076040044637	NA
H2-M2	-4.99666931308511	2.82542913009194	NA
H2-Oa	NA	-0.752002863095765	NA
H2afx	-0.639832573167066	NA	NA
H2afy3	2.95558542900824	NA	NA
H60b	2.65796758386056	NA	NA
Haghl	0.597790171223323	NA	NA
Hbegf	NA	-0.724670405096754	NA
Hdac10	0.791334899839654	0.792839578492795	NA
Hdac4	0.95106260222819	NA	NA
Hdhd3	NA	-1.01390507908167	NA
Heatr5b	NA	0.789928194170855	NA
Hebp1	NA	-0.863788416972473	NA
Hectd1	NA	0.62520034703885	NA
Helq	NA	1.29481379184578	NA
Helz	NA	0.632177966183883	NA
Hemk1	0.930300771749645	NA	NA
Herc1	1.46583252086182	1.74793043376	0.843452791644124
Herc2	0.966497004452625	0.896282668935796	NA
Herc3	1.18829728003372	NA	NA
Herc4	NA	0.741311530043338	NA
Hes1	-0.841953395949254	NA	NA
Hexdc	0.777758579780643	0.633586986146592	NA
Hif1an	NA	0.649275035755907	NA
Hipk2	0.678647232447522	0.976774169027154	NA
Hira	0.87747434508401	NA	NA
Hist1h1c	1.24011277751379	NA	NA
Hist1h1d	3.81399629784794	3.69905705740994	NA
Hist1h1e	2.43955215972756	1.9796032552246	NA
Hist1h2ab	1.39074575378949	NA	NA
Hist1h2ac	5.68042909955889	6.32871969250716	NA
Hist1h2ad	5.37137354409647	4.5762165531623	NA
Hist1h2ae	3.86490527749619	2.89133037128742	NA
Hist1h2bb	4.95189275296774	2.0868153246634	NA
Hist1h2be	2.51702309262576	1.59591135622191	NA
Hist1h2bf	3.67394879361793	3.25035039608038	NA
Hist1h2bg	4.40845708867893	3.73937568597349	NA
Hist1h3a	5.70344568441946	4.46609125213969	NA
Hist1h3c	4.9844256108115	NA	NA
Hist1h3d	3.70971712891401	2.9053443561567	NA
Hist1h3e	6.44037980921309	5.54251162286702	NA
Hist1h3f	4.04929715786323	4.19944225617226	NA
Hist1h4c	3.59400444402055	3.426807730881	NA
Hist1h4d	1.63186062944887	1.71347006431844	NA
Hist1h4h	2.16465697505186	1.55616696598428	NA
Hist1h4i	2.01301770218926	2.12515803751041	NA
Hist2h2ab	3.757808116826	3.12255217948202	NA
Hist2h2bb	4.55249867353871	4.84172646855807	NA
Hist2h3b	5.01054059141728	NA	NA
Hist2h4	2.9990891426501	3.68794801815045	NA
Hist3h2a	NA	0.68654003081036	NA
Hist4h4	5.2303944466803	6.90372220913271	NA
Hivep1	1.57479748379688	1.48802536358574	NA
Hivep2	1.04679173516255	NA	NA
Hivep3	1.237564168763	1.16489464122274	NA
Hjurp	NA	0.714394144091166	NA
Hlf	NA	0.593385630614744	NA
Hmbox1	1.01766258939408	1.01568366176757	NA
Hnrnpa1	NA	1.22832907031384	NA
Hnrnpa2b1	NA	0.622311275943678	NA
Hnrnpdl	0.737031643776035	1.0267729328361	NA
Hnrnph1	0.775704510763805	NA	NA
Hnrnph3	NA	0.914026831140184	NA
Hoga1	1.49437328849884	NA	NA
Homer3	NA	0.649460923227037	NA
Hook3	NA	0.742685176448276	NA
Hp	-9.46515242874638	-11.6536830032123	9.945579837265
Hsd11b1	NA	-4.01023275767756	NA
Hsd17b1	NA	1.99030731352545	NA
Hsd17b12	NA	-0.685521061629046	NA
Hsd17b7	NA	-1.11438267658283	NA
Hsf2	NA	1.07886638824373	NA
Hspa1a	3.65966138500294	4.89561472725982	NA
Hspa1b	3.02310299008845	4.41930898648629	NA
Hspb6	0.821023057134699	NA	NA
Htatip2	NA	-0.681918910041141	NA
Htr2b	2.22455155552923	NA	NA
Htt	0.870710556799079	1.3477829768752	NA
Huwe1	1.69514144887473	1.78707308550505	NA
Icam2	NA	-0.669267174503808	NA
Ice1	0.760115773743871	0.812249385717672	NA
Ice2	0.965368122617758	0.62873871654596	NA
Idh1	-0.6205995642907	NA	NA
Ier2	1.67333997996317	1.1340379621142	NA
Iffo1	0.711465026202964	NA	NA
Iffo2	0.777436347535542	NA	NA
Ifi27l2a	-0.779558799920045	NA	NA
Ifi44	-5.01033808814757	NA	NA
Ifitm10	NA	-0.756115268068192	NA
Ifitm2	NA	-1.06804589927224	NA
Ifitm6	NA	-4.11917774013922	NA
Ifrd1	NA	0.774605718530708	NA
Ifrd2	0.70688222586813	NA	NA
Igf1r	0.935165357337943	0.788172505926476	NA
Igfbp6	-1.88362702453627	NA	NA
Igflr1	3.48964980243723	2.74795032376642	NA
Ighmbp2	0.640715589604524	0.617896251120688	NA
Igip	1.90682198988315	1.1954840435014	NA
Il15ra	0.721007471632248	NA	NA
Il17rb	1.97643737129174	NA	NA
Il1bos	5.69250949975367	NA	NA
Il1rn	NA	-2.77986533652644	NA
Il2rg	NA	-1.00828577527368	NA
Ildr1	NA	-0.611548863026673	NA
Inafm1	NA	-0.632935458869365	NA
Inf2	2.92771608038055	NA	NA
Ino80	1.40472604182533	0.946751247069824	NA
Ino80d	1.02610042830989	1.05628036673128	NA
Ino80dos	NA	0.626173073812246	NA
Inpp4a	1.66004494040492	0.989781335164065	NA
Inppl1	NA	0.715864679205075	NA
Insig1	NA	-0.605660182397124	NA
Insr	0.762717407840007	0.791177803992374	NA
Ints2	NA	0.626786025493785	NA
Ints7	NA	NA	-0.600133846767501
Ip6k1	NA	0.601537333686878	NA
Ipcef1	1.00035130914623	NA	NA
Iqce	0.688037593257322	NA	NA
Iqgap1	0.764179394799826	NA	NA
Iqsec1	0.702535740988105	NA	NA
Iqsec2	0.719706054235126	NA	NA
Irf2	NA	-0.622022309761676	NA
Irs3	NA	-0.81717378779309	NA
Isoc2a	NA	1.53873594451278	NA
Itga5	NA	NA	-0.608077412292371
Itgae	NA	1.18997239817212	NA
Itgax	NA	-1.1516367586916	NA
Itgb2l	NA	-5.67403776358914	NA
Itih5	NA	-25.0442064907181	NA
Itm2c	-0.689687832450067	-0.626667432380858	NA
Itpkb	0.729587920921375	NA	NA
Itpr1	NA	0.831087513719319	NA
Itpr3	1.02662902579022	NA	NA
Itpripl1	NA	-0.735220889215208	NA
Itpripl2	NA	0.676681960873042	NA
Itsn2	NA	0.872995037004838	NA
Ivns1abp	0.725919436358864	0.861609113715117	NA
Jade2	0.628296289881591	NA	NA
Jdp2	NA	-1.02071767691568	NA
Jmjd1c	0.750515095985629	NA	NA
Jmjd4	NA	0.72977495673833	NA
Jmy	NA	0.829757453667849	NA
Jpx	0.767354297763454	NA	NA
Jun	1.68265932679403	1.46316131762108	NA
Junb	0.678596975095127	0.651368753923106	NA
Kansl1l	NA	0.813059129247964	NA
Kansl3	0.772023645207896	0.65335214859037	NA
Kat2b	NA	0.777449023463133	NA
Kat6a	0.666272338713066	1.06505134656288	NA
Kat6b	1.16614531898935	1.03132195269431	NA
Kbtbd3	0.712107003821365	0.831058450748512	NA
Kbtbd7	-0.642439983775308	NA	NA
Kcnd3	NA	3.58020383965881	NA
Kcnq1ot1	1.39697352921562	1.46013162034709	NA
Kcnrg	1.55579355386396	2.38447307523837	NA
Kctd12	NA	0.64838665367061	NA
Kctd3	0.718028659853505	0.974933589748859	NA
Kdm3b	NA	0.590391075114377	NA
Kdm5d	9.75555614187022	11.222340476894	8.63176814250394
Kdm6a	-0.599266347977963	NA	NA
Kdm6b	1.11595524473394	NA	NA
Khnyn	NA	0.731349533508007	NA
Kidins220	0.659218411085724	0.615560978850411	NA
Kif13a	NA	1.06929230967081	NA
Kif13b	0.806376459725747	0.711924504212834	NA
Kif1a	NA	-2.06784258987943	NA
Kif1c	1.10318549834332	1.16133759552018	NA
Kif21b	1.3174580155766	1.19973360821851	NA
Kif23	4.81964477829305	NA	NA
Kif3b	NA	0.750828892728721	NA
Kif3c	NA	0.6372735834588	NA
Kif5b	NA	0.852235579611161	NA
Kif9	1.23353416955925	NA	NA
Kifc2	3.04620539738006	NA	NA
Kitl	0.623541766777712	NA	NA
Kiz	NA	0.672970527266709	NA
Klc2	0.867642804006788	NA	NA
Klf12	0.817574431248448	NA	NA
Klf13	NA	-0.992755068153573	NA
Klf4	NA	-2.07491542747465	NA
Klf9	NA	-0.925866361024406	NA
Klhdc8b	NA	0.654180210837093	NA
Klhl12	NA	0.726526565007984	NA
Klhl17	0.587739322857577	NA	NA
Klhl3	NA	1.3964450633848	NA
Klhl8	-0.778385363908554	NA	NA
Kmt2a	1.18189753183131	1.4951307922515	NA
Kmt2b	1.20756987108759	0.823474463293322	NA
Kmt2c	1.26820850974194	1.56795721018432	NA
Kmt2d	1.40930261400932	1.28986055248737	NA
Kntc1	1.51664302936692	NA	NA
Krit1	NA	0.61733688808971	NA
Krt10	NA	0.704411473120103	NA
Krt8	NA	-3.97191744732111	NA
Krtcap3	3.04691293843788	2.37982907957149	NA
Kynu	-1.72979363158487	NA	NA
L3mbtl3	NA	0.64876099223163	NA
LOC100504703	1.06806101111804	1.38823774282267	NA
LOC106740	1.39390752007478	1.20049495139629	NA
Lag3	0.834737443824858	-0.800142642010879	NA
Lamp2	-0.595002206810745	NA	NA
Laptm4b	NA	-0.618236906177407	NA
Lars2	NA	-1.5086000308389	NA
Lbh	0.752720790734419	NA	NA
Lbx2	-0.616373796342938	NA	NA
Lcn2	-31.0506506054791	-53.1474601338507	NA
Lcor	1.53664357404776	1.37216715516956	NA
Lenep	0.742341441869008	0.880772977690978	NA
Leng8	1.39556029115143	0.925998017538226	NA
Leprotl1	NA	-0.593669142532464	NA
Lgals1	NA	-0.78630548087485	NA
Lgals3	NA	-0.907317170150085	-1.18592268662617
Lgals3bp	-0.590505785681545	-0.592728480822775	-0.724036113400417
Lgals4	3.69279997828616	2.89589134989311	NA
Lgmn	NA	-0.602247948179598	NA
Lilr4b	NA	0.985216366168525	NA
Lilra5	NA	-0.681053557139134	NA
Lime1	2.64937241804985	2.89665463918781	NA
Limk1	0.589283889518218	0.776205806472517	NA
Lncpint	1.17195332031476	1.16473807927795	NA
Lmbr1l	NA	0.661354242618128	NA
Lmln	0.834531387272473	NA	NA
Lmna	NA	-1.00856604430406	NA
Lmnb1	NA	0.809741551927617	NA
Lmod3	NA	NA	26.7500040196607
Lpl	NA	NA	-1.24770134415962
Lpp	NA	NA	0.75317057906363
Plppr3	1.88812927502324	2.94789126167243	NA
Lrba	NA	0.590559357938206	NA
Lrfn3	NA	-0.720716035963363	NA
Lrg1	NA	-4.58690137824477	NA
Lrp1	0.719159894567557	NA	NA
Lrp11	NA	NA	-1.98661860446081
Lrp5	0.910181762969891	NA	NA
Lrrc18	NA	3.4447757731562	NA
Lrrc25	NA	-0.78866564357261	NA
Lrrc45	1.50065266988533	1.81170708283559	NA
Lrrc51	NA	0.671363631104249	NA
Lrrtm2	NA	1.86494772028315	NA
Lrtm1	-3.10625419289916	NA	NA
Lsm14b	NA	1.11830961564281	NA
Lsr	0.614252344312104	NA	NA
Lst1	NA	-0.613509928126832	NA
Ltb4r1	NA	-2.60485725770456	NA
Ltf	-13.5342267827819	-40.1641630986768	-7.98461108222087
Luc7l	NA	1.058520384235	NA
Luc7l2	0.644921926539286	1.0062600212791	NA
Luc7l3	NA	0.831818393078243	NA
Ly6c2	NA	-6.08503240488426	NA
Ly6g6d	1.29521958365816	1.01621380171946	NA
Ly6i	NA	-1.7574318814676	NA
Ly6k	-1.42520158682546	-1.99675508999613	-2.48798554914683
Lyrm1	0.938713060979689	NA	NA
Lyrm9	0.739223595698953	0.757762500879703	NA
Lyst	1.36342632206265	1.87271999948309	NA
Lyz2	0.788293251124683	NA	-0.868531007497655
Lzts3	NA	1.28941445472458	NA
Macf1	1.69258755534951	1.77943629059043	NA
Macrod1	NA	-0.593715054804224	NA
Madd	NA	0.604401720293771	NA
Maff	NA	-1.63807053852841	NA
Magee1	-0.750926299521254	NA	NA
Magef1	0.627342306537554	0.665049955677595	NA
Magi1	0.684805898668809	0.615257906084574	NA
Magi3	NA	0.758124640375673	NA
Malat1	NA	1.03125448261216	NA
Malt1	NA	0.674295842931647	NA
Mamdc4	1.56745805673376	1.84962943656421	NA
Maml3	0.929524417826041	NA	NA
Mansc1	NA	-0.775166389714168	NA
Map2k7	0.762722602596705	0.794802438175363	NA
Map3k10	NA	0.634262154831598	NA
Map3k12	0.834183658047145	0.652763558060666	NA
Map3k14	0.77412685657992	0.925474427048705	NA
Map3k8	1.1272529270739	1.22887251550651	NA
Map3k9	0.855530556360766	0.808711176937089	NA
Map4k2	1.18013546969845	NA	NA
Map4k4	0.75615513300332	0.877237481127757	NA
Map9	-2.41892417253516	NA	NA
Mapk8	1.25047640049436	1.16856255434885	NA
Mapkbp1	NA	1.57622386686364	NA
Marcks	-0.60947220616979	NA	NA
Marcksl1	NA	-0.684115122491509	NA
Marf1	1.2831373374999	1.49233872975212	NA
Mast1	0.811775337136218	NA	NA
Mast2	0.648898824202267	NA	NA
Mast4	0.701748908951538	NA	NA
Mau2	NA	0.762294695325212	NA
Max	NA	1.03007941039197	NA
Mbd5	0.622403279525929	0.91553064672507	NA
Mbd6	0.972897004919079	0.76375170416554	NA
Mboat1	NA	0.855471976886519	NA
Mboat7	NA	-0.606892274091609	NA
Mbtd1	NA	1.01604331250783	NA
Mccc1os	NA	1.1095451267475	NA
Mcemp1	NA	-2.19413133776804	NA
Mcm3ap	NA	0.587614638075649	NA
Mdc1	NA	0.769635394855925	NA
Mdm4	1.20327391004357	1.06070799210238	NA
Mdn1	1.62442224806598	1.37094809547836	NA
Med12l	0.819311295968476	1.27874641975476	NA
Med13	0.618097377417297	0.888556460610205	NA
Med13l	0.661379191115828	0.889943152143886	NA
Meg3	-4.93181875413837	NA	NA
Megf8	0.949397484665532	1.35025587954636	NA
Metap1d	NA	0.601103794347422	NA
Mettl21c	NA	4.00284937977947	NA
Mfge8	NA	-0.627001451309272	NA
Mfhas1	0.729382944311593	NA	NA
Mfsd1	NA	-0.690344795536037	NA
Mfsd5	NA	-0.600769452702637	NA
Mga	1.0758882101527	1.2491171240908	NA
Mgarp	-15.1604927511914	14.8395072488086	NA
Mgat5	NA	0.852508841649382	NA
Mgea5	0.710188134773925	0.762098549966533	NA
Mgst1	NA	-2.79239921041284	NA
Mgst3	NA	-0.729151257390532	NA
Mib2	NA	0.743415684224045	NA
Mical3	1.03930158502794	0.906930288892529	NA
Micall1	0.746337141892951	0.981043114331217	NA
Micu3	NA	1.41414205720098	NA
Miip	1.16853080754195	0.925179572801821	NA
Mink1	1.19378377784827	NA	NA
Mir17hg	NA	2.79719179612924	NA
Mir181b-2	NA	1.57020912776151	NA
Mir1839	3.08375734876811	NA	NA
Mir1894	1.49193377143194	1.65177636579882	NA
Mir1931	NA	1.84836123132975	NA
Mir1982	NA	2.35392082167311	NA
Mir199a-1	2.6361167841202	3.06778780033548	NA
Mir3060	NA	4.00104692654678	NA
Mir3064	1.27871311564058	1.56717386795641	NA
Mir3101	NA	3.71898233251085	NA
Mir5098	2.28098441000881	2.22229132274038	NA
Mir568	NA	2.22157221760548	NA
Mir6353	3.51226169526312	NA	NA
Mir680-2	NA	2.67529941338463	NA
Mir684-1	-2.25049637480343	NA	NA
Mir6966	NA	2.49626539509111	NA
Mir6992	NA	2.34074440995446	NA
Mir703	-0.776079117863718	NA	NA
Mir7052	NA	2.50336399009423	NA
Mir7086	1.56944848088379	1.78265482485578	NA
Mir7115	3.03406845542139	4.18346864956404	NA
Mir7663	NA	1.26831334113087	NA
Mir99ahg	0.622714106760118	1.32004684744883	0.864645836938038
Mki67	4.08000915847544	NA	NA
Mlc1	NA	-3.8712027924777	NA
Mlh3	1.09303014314804	NA	NA
Mllt10	NA	0.696926257843362	NA
Mllt6	1.43622074056064	0.767083585026956	NA
Mmab	0.821990038084121	NA	NA
Mmp12	-2.3403919971652	NA	NA
Mocs1	0.587358330725634	NA	NA
Mpeg1	NA	-0.76530196881056	NA
Mphosph9	0.705166747890409	0.921384806220606	NA
Mpo	19.4790077160721	7.90447298691985	34.2357921779606
Mpp2	-5.18909451932818	NA	NA
Mprip	0.643065622987924	NA	NA
Mpst	1.38446210216621	NA	NA
Mrc1	NA	-1.31542825372183	NA
Mrgbp	0.6997907047257	0.789736999949448	NA
Mroh8	NA	1.71182126600898	NA
Ms4a1	NA	NA	21.1728678944573
Ms4a7	4.09326307473817	NA	NA
Msantd1	NA	3.85955535409456	NA
Msantd2	NA	0.606686653555383	NA
Msi2	NA	0.996526409495575	NA
Msl2	NA	0.586839518677537	NA
Mt1	NA	-0.747325667724235	NA
Mt2	NA	-1.73455816224768	NA
Mtcl1	NA	-3.99989223982053	NA
Mtcp1	NA	1.26265977219606	NA
Mthfd2	NA	-0.71296998687274	NA
Mthfr	1.18541278486633	1.00580558092501	NA
Mthfsd	NA	0.662943619305957	NA
Mtmr11	1.7643458699758	NA	NA
Mtmr7	3.61882933684912	2.97451405781398	NA
Mtor	0.964207963743458	0.811886575547767	NA
Mtx3	1.44666435327146	2.3368294368886	NA
Mx1	1.74724875528851	2.18949059455904	NA
Mx2	1.69374503100215	1.80593642544098	NA
Myc	-0.747407634286929	-0.794921395740771	NA
Mycbp2	1.11782040473044	1.25069017009306	NA
Mycl	NA	-0.757238617789102	NA
Myh6	NA	NA	21.4455207263484
Myh7b	NA	2.55417554054745	NA
Myo15	3.92355250480748	NA	NA
Myo18b	NA	1.23034699948882	NA
Myo19	1.88906997842224	NA	NA
Myo1g	0.628989828122547	NA	NA
Myo5a	0.951757629603669	0.806030128934175	NA
Myo9a	1.02929765994938	1.06211564276271	NA
Myo9b	0.62248721480907	NA	NA
Mysm1	0.949626244445819	0.765871341619135	NA
Mzf1	NA	1.23334564321953	NA
Naa16	0.610081152662062	0.673027910763481	NA
Naaa	-0.692801922104287	NA	NA
Nadsyn1	1.18026281953885	0.702327816422686	NA
Naf1	0.709277691679786	NA	NA
Naglu	NA	-0.587585541510962	NA
Naip5	0.775891541098039	0.591801149574948	NA
Naip6	0.904730577669794	1.26673254981542	NA
Naip7	NA	1.68039244550898	NA
Nans	-0.668034910165932	NA	NA
Nap1l5	NA	-2.65296367878191	NA
Napb	1.59029759281565	1.75989088487819	NA
Nat1	-0.888201719784831	NA	NA
Nav1	1.19595029904819	0.658785050319155	NA
Nav2	0.86384572494411	1.33801357785784	NA
Nav3	0.7590549226188	1.40935128736948	0.664192888778377
Nbea	0.596805136069399	1.14351548332523	NA
Nbeal1	1.17670085081948	1.70947713191571	NA
Nbeal2	NA	1.08105782095063	NA
Nbl1	-0.845433803467288	NA	NA
Ncapd2	0.852965993604494	NA	NA
Ncapd3	NA	0.711106345290463	NA
Nccrp1	NA	-1.29444153523036	NA
Nceh1	NA	-0.703045636958248	NA
Ncor2	0.914024682625413	0.74619889610078	NA
Ndc1	-0.590722373164565	NA	NA
Ndor1	NA	0.594059413924547	NA
Ndrg2	NA	-0.843552481803176	NA
Ndst1	0.704934229604232	NA	NA
Ndufa1	-0.774048025314905	NA	NA
Ndufa3	-0.696037910938585	NA	NA
Ndufaf5	NA	0.59312392197436	NA
Ndufc1	-0.669401272309597	NA	NA
Neat1	1.95229841251796	2.33466435169018	NA
Necab2	NA	-4.78737458163861	NA
Nek1	NA	0.587821122900329	NA
Nemf	NA	0.602808490353415	NA
Neurl4	1.48867056777219	0.706191741947777	NA
Nfat5	1.11077920932244	1.47512167477105	1.03700693707867
Nfkbia	NA	-0.690987166422475	NA
Nfkbid	1.49785648961014	1.64379545381282	NA
Nfkbiz	1.63930275671317	2.09890873306392	NA
Nfrkb	1.14052585091055	0.613627016653282	NA
Nfya	0.633196855537483	NA	NA
Ngef	NA	-4.27462844172342	NA
Bex3	NA	-0.73363739253405	NA
Ngp	-9.88344817085638	-22.1763564240845	-7.00026009818679
Nhlrc3	-0.588058307708967	-0.69977036516336	NA
Nhs	4.71525803890852	NA	NA
Nin	0.919212627787833	0.713232186962701	NA
Ninj1	NA	-0.652777817578706	NA
Nipbl	NA	0.747207227001877	NA
Nkapl	NA	-1.15738976091214	NA
Nkd2	NA	NA	36.5262012060975
Nktr	0.932669376436846	1.46887433811025	NA
Nle1	0.682825851936658	NA	NA
Nlrp1b	1.13911286711606	1.51415017813822	NA
Nlrp1c-ps	1.76502361297174	2.36383046347579	NA
Nmnat3	0.632579729018872	NA	NA
Nmt2	0.849930163951746	0.629444216792771	NA
Nod2	2.29215855343001	NA	NA
Nol4	NA	NA	16.292238239237
Nol4l	0.620573594600852	0.722149977787905	NA
Nolc1	NA	NA	-0.643792780911915
Nos1ap	0.811520645508236	1.10903366920175	NA
Notch1	0.769022721945178	0.77518132557553	NA
Notch2	NA	0.656411494418789	NA
Notch4	0.911570290035973	NA	NA
Nova1	1.17775091343317	NA	NA
Noxo1	1.23803761349771	NA	NA
Npff	1.86793003671932	2.33218977880935	NA
Npnt	-0.713036267295195	NA	NA
Nr1d1	NA	-1.05588380467631	NA
Nr2c2	0.611285747282629	0.773047410965098	NA
Nr6a1	NA	1.47610539913702	NA
Nrarp	-0.691120396797578	NA	NA
Nrg4	NA	2.39895498483765	NA
Nrgn	-2.26725628973595	NA	NA
Nrip2	1.25841670739411	NA	NA
Nron	1.45673927433911	1.60629620806106	NA
Nrsn1	NA	-2.91367626494347	NA
Nsd1	0.895736853511792	0.949327964093724	NA
Nsmf	NA	0.646033391174402	NA
Ntn3	NA	2.02236981343054	NA
Nufip2	NA	0.856219032975789	NA
Nwd1	14.6859539921488	NA	NA
Nxf1	0.829538447433806	0.967993292644053	NA
Nxpe3	-0.73028208909992	NA	NA
Oas1b	1.5793873147489	2.26054804359382	NA
Oas1g	NA	2.3329586932167	NA
Oas2	NA	3.647485745695	NA
Ocel1	NA	0.647511471464747	NA
Ocln	-0.77187103795535	NA	NA
Ogt	NA	1.31087572464034	NA
Olfm4	-1.27202867712027	NA	NA
Olfr111	NA	1.49412658927409	NA
Olfr691	NA	NA	33.1221738253923
Opn3	NA	-0.857468358833413	NA
Orai1	-0.607137852437277	NA	NA
Osbpl3	0.889039895644194	NA	NA
Ovol1	4.27660688111249	NA	NA
Oxsr1	0.614377469727631	NA	NA
P2rx1	NA	-0.77862967932145	NA
Pa2g4	0.592715379036847	NA	NA
Paip2b	NA	0.732308448847244	NA
Pan3	1.19488839238285	1.05991089273683	NA
Pank4	0.701135455066627	1.15626542716756	NA
Panx1	-0.699939432988815	NA	NA
Paqr7	NA	-0.633027372018544	NA
Pard3b	NA	1.14615568970665	NA
Park2	-0.706469989295084	NA	NA
Parp3	0.610497935757706	NA	NA
Parp4	0.976109457732005	NA	NA
Parp6	0.952128924950952	1.33642786418635	NA
Particl	1.3040871975155	1.56555516757891	NA
Parvb	1.41048985814398	NA	NA
Patl1	0.6777818013055	NA	NA
Paxbp1	0.801927726252425	1.31169221435462	NA
Pbx1	0.662442674242253	NA	NA
Pcdhga8	NA	1.24673306026676	NA
Pcdhga9	NA	4.32009846534133	NA
Pced1a	0.685512512709073	NA	NA
Pcf11	0.802826495754248	0.663698200025232	NA
Pcgf1	0.59005033552984	NA	NA
Pcm1	1.03227870034696	0.684427893622443	NA
Pcmtd1	NA	0.761029322170581	NA
Pcnt	0.679111372336363	0.647477450970281	NA
Pcnx	0.767010166856423	NA	NA
Pcnx2	2.24218795097134	2.86939590816243	NA
Pcp4	-0.71169692132361	NA	NA
Pcsk1n	NA	-2.40481339464448	NA
Pcsk4	2.26176047750448	NA	NA
Pdc	-6.68562985184273	NA	NA
Pde1b	3.23168130568162	3.10632214006585	NA
Pde1c	NA	3.50870047355155	NA
Pde2a	0.933134144020122	NA	NA
Pde4a	0.711745086440258	NA	NA
Pde6a	-7.878205257122	NA	NA
Pde7a	NA	0.992069329061182	NA
Pdpr	NA	0.773009425722336	NA
Pdzd2	NA	1.43099378323243	NA
Pdzk1ip1	NA	-1.42844569020756	NA
Peg10	1.48429276250808	NA	NA
Peg12	-1.55495384109424	NA	NA
Peli3	NA	0.998661012840523	NA
Pelo	NA	-0.681228319849175	NA
Per1	1.02801574294944	NA	NA
Per2	2.86455592114376	1.41509168909709	NA
Per3	1.32504189253584	0.910272633419646	NA
Perp	-0.712633704361348	-0.598034158922636	NA
Pex11a	0.715725249860353	NA	NA
Pex11g	NA	-0.682937630879008	NA
Pf4	1.92575796829311	NA	NA
Pfas	1.11333353046439	NA	NA
Pfdn4	-0.604752073333692	NA	NA
Pfkfb2	0.781997546588796	0.603726078884864	NA
Pfn1	NA	-0.629405476243657	NA
Pgap3	NA	-0.636642605733803	NA
Pgbd5	NA	-4.80137530657089	NA
Pglyrp1	NA	-6.69410242523166	NA
Pgm2l1	NA	1.18323988305267	NA
Phc3	0.665030344724761	0.873218545492833	NA
Phf1	0.726737661816218	0.643714188415929	NA
Phf20l1	NA	0.737776027188687	NA
Phf21a	0.672042291843448	0.659421419479056	NA
Phf21b	NA	2.46990260432827	NA
Phf3	NA	0.728400491658546	NA
Phip	NA	0.977976213581949	NA
Phka1	0.670136631950096	0.676425574838182	NA
Phka2	NA	0.63075900471477	NA
Phlpp2	1.16278225764758	NA	NA
Phospho1	1.1301745093717	1.55531815283613	NA
Phtf1	NA	0.610973051061279	NA
Phxr4	1.97755821225666	1.30978792491496	NA
Pidd1	1.31183243163375	1.65728567154455	NA
Piezo1	0.790224547285316	NA	NA
Pigs	NA	-0.680994155293111	NA
Pigz	NA	-0.588974829645095	NA
Pik3c2a	NA	0.630622390731546	NA
Pik3ip1	NA	-0.663169253911466	-1.25973302286875
Pikfyve	0.684826489470388	0.705752035278767	NA
Pip4k2b	0.668795269006322	NA	NA
Pira6	NA	-1.19665416995205	NA
Pisd-ps1	1.09478133036275	1.65673381479049	NA
Pisd-ps3	0.706788980463917	1.51840505458774	NA
Pkd1	0.782377932338953	0.644060983619627	NA
Pkd1l3	NA	1.79608866188651	NA
Pkd2l2	0.847086268044853	1.00907438231186	NA
Pkdcc	0.64197105033888	NA	NA
Pkn3	2.04166210044116	NA	NA
Pkp4	1.54960185533677	1.15000908682454	NA
Pla2g7	NA	-1.84303563493097	NA
Plagl2	0.748507001160107	NA	NA
Plaur	NA	-0.736561486046599	-0.975509567592883
Plbd1	NA	-3.09085612184668	NA
Plbd2	NA	-0.613113048016821	NA
Plcb4	1.79563807599818	NA	NA
Plcxd2	NA	1.92918762803607	NA
Plec	1.68395561325006	NA	NA
Plekha5	1.31735684407201	0.896460138207855	NA
Plekhh3	0.849692237645078	NA	NA
Plekhm2	1.10742509297089	0.668992023369012	NA
Plekhm3	0.604452215778832	0.706759749621059	NA
Plekhn1	2.79984382868316	NA	NA
Plet1	3.25364625315825	NA	NA
Plet1os	3.51953196273837	NA	NA
Plscr1	NA	-1.00713500429086	NA
Plxnb3	0.714973584696808	NA	NA
Pms2	0.652699619294104	NA	NA
Pnisr	0.963062178977796	1.22384724430822	NA
Pnn	0.818331881807061	1.22051560166584	NA
Pnrc1	-0.616881517312868	NA	NA
Pogk	0.590412122149896	NA	NA
Pola1	NA	1.06424559068248	NA
Polg2	0.992503587636742	NA	NA
Poli	0.930867474279893	0.695199899561031	NA
Polq	NA	4.72324328304087	NA
Polr1a	0.679756115808445	NA	NA
Polr2a	0.590717970533999	NA	NA
Postn	NA	NA	-0.921269909625025
Pot1b	0.840321313694176	1.12427997620779	NA
Pou2f1	NA	0.743470936640826	NA
Pou2f2	NA	0.641223731251607	NA
Pou2f3	NA	NA	23.4610651456743
Pou4f1	NA	NA	14.9528686496786
Pou5f2	1.30583921024825	NA	NA
Pou6f1	0.810556699879921	NA	NA
Pp2d1	1.98625014587481	NA	NA
Ppa1	-0.680867222748712	NA	NA
Plpp1	-0.826087511015246	NA	NA
Ppard	1.03900604000702	NA	NA
Ppcdc	NA	0.714343739010786	NA
Ppifos	NA	2.59531367972745	NA
Ppip5k1	NA	0.586115378431855	NA
Ppp1r12b	1.17909272528228	1.45101880906025	NA
Ppp1r12c	0.648107642305243	NA	NA
Ppp1r16a	0.625635147399781	NA	NA
Ppp1r1b	1.77650889731263	NA	NA
Ppp1r26	0.905927880711733	NA	NA
Ppp1r9a	0.821449423674438	0.926436450685151	NA
Ppp1r9b	0.652734282907373	NA	NA
Ppp2r3a	NA	0.736031688818235	NA
Ppp2r3d	0.867624183373317	NA	NA
Ppp3cb	0.603086152283414	NA	NA
Ppp4r1l-ps	0.950742473949446	1.28050296158145	NA
Pqlc2	-0.636706061467984	NA	NA
Prdm11	0.971459750205589	1.34878286703974	NA
Prdm15	NA	0.876773159708553	NA
Prdm2	0.976611194582939	1.30688240958873	NA
Prdm9	1.50923733877776	NA	NA
Prdx4	-0.654495789792336	NA	NA
Prdx5	NA	-0.669453822767493	NA
Primpol	NA	0.79812449464823	NA
Prkaa2	1.67969600436296	NA	NA
Prkab2	NA	1.00547275496736	NA
Prkacb	-0.71600120755536	-0.71548555287365	NA
Prkag2os1	1.58514241581716	NA	NA
Prkce	0.722013580777736	NA	NA
Prkcz	1.72136883065477	NA	NA
Prkdc	1.01587328016766	1.31474583293467	1.03181677734163
Prlr	NA	5.89866069580894	NA
Prnp	-0.642863630083922	-1.26188510613884	NA
Prom1	NA	NA	6.9994545838112
Prox1	NA	0.969355004874207	NA
Proz	1.33645542106662	NA	NA
Prpf38b	NA	1.03145027797962	NA
Prpf39	0.652490982934026	1.3782660360831	NA
Prpf40b	1.2714992411574	0.994773069124579	NA
Prph2	-6.57415293729434	NA	NA
Prps1l1	1.94638625856002	1.83261321225785	NA
Prr12	0.804485298035377	NA	NA
Prr14l	0.612994516043975	0.845692927297072	NA
Prr18	3.46166138325372	NA	NA
Prr33	4.56158930275353	NA	NA
Prr36	3.69388440884181	NA	NA
Prr5l	-0.703037941900891	NA	NA
Prrc2a	1.30224008843923	0.6888430375261	NA
Prrc2b	0.805050784832008	0.98623158504071	NA
Prrc2c	1.23116418477482	1.00434978480861	NA
Prrt3	NA	1.19923704003029	NA
Psen2	NA	-0.660865079753651	NA
Psme2b	0.901812961975561	0.790503468632861	NA
Psme4	0.623473591787501	0.641938490312522	NA
Ptbp2	1.59233134640977	2.06390497513661	NA
Ptger1	1.06766747016991	0.955403343847987	NA
Ptger4	-1.83961170497751	NA	NA
Ptpn23	0.695887934248171	0.738934912068308	NA
Ptpn4	0.730863683376713	0.971400811788005	NA
Ptprh	NA	NA	16.5797907213381
Pum2	0.762499739364981	NA	NA
Purg	1.2141270697112	NA	NA
Nectin2	-0.595751402622434	NA	NA
Pvt1	1.98367840933226	1.41379575620057	NA
Ifi208	3.69247157457108	NA	NA
Pygl	NA	-0.733604383743232	NA
Pygm	-1.24064194500726	NA	NA
Qser1	0.644635321775994	1.18271346200076	NA
R3hdm1	0.60214713815705	NA	NA
R3hdm2	0.635863364367132	NA	NA
Rab11fip2	0.631984750958241	NA	NA
Rab11fip3	0.757006117567239	1.03523487529921	NA
Rab15	NA	-4.98514959629109	NA
Rab37	NA	-3.18797951968994	NA
Rab3d	NA	-0.748311486920584	NA
Rab7b	2.58676155768546	NA	-2.46926115393161
Rabgap1l	NA	0.691571730522519	NA
Rad54l	NA	1.34977440222693	NA
Rad54l2	NA	1.1362884066169	NA
Rad9b	1.05912419084824	NA	NA
Rai1	1.01893369981334	0.752649953646827	NA
Ralgapa1	0.795881353696897	0.902090432075976	NA
Ralgapa2	1.31309832836791	0.962356694394815	NA
Ralgapb	NA	NA	0.628736920590904
Ralgds	0.701870893341522	NA	-0.988249658376
Ralgps1	0.804796951170878	0.632643451270242	NA
Raly	0.909450998713293	NA	NA
Ramp1	-0.597861274970623	NA	NA
Ranbp2	0.865311603339353	1.00088176550335	NA
Rapgef1	0.749110026692851	NA	NA
Rapgef5	NA	0.880041709928767	NA
Rapgef6	NA	0.704093587513481	NA
Rarg	1.48951543093356	NA	NA
Rasal2	NA	0.626530150016448	NA
Rasgrp2	NA	-2.32411147236406	NA
Rasgrp4	1.0840725780712	1.1706007093161	NA
Rassf1	0.677410494559932	NA	NA
Rassf2	0.608890760039671	NA	NA
Rassf3	0.649829081621792	NA	NA
Rb1cc1	NA	0.715781487034855	NA
Rbbp6	0.737478049231814	NA	NA
Rbm14	-0.623628219295985	NA	NA
Rbm25	0.725155611980682	0.920149822969219	NA
Rbm33	1.17677636780658	1.17270802287511	NA
Rbm3os	1.43075516667511	NA	NA
Rbm41	NA	0.807082958015074	NA
Rbm5	NA	0.909435021024039	NA
Rbm6	NA	0.602240630995783	NA
Rbp3	-7.76089564890621	NA	NA
Rc3h1	NA	0.85309215300358	NA
Rc3h2	0.612915050055625	0.808458764317879	NA
Rcan1	NA	-1.05357042404393	NA
Rcan2	NA	-4.3141587894385	NA
Rccd1	NA	1.26949225367034	NA
Rdh5	2.02446818968427	1.4510410410576	NA
Reck	NA	-1.22662318445003	NA
Rel	NA	0.82006404704261	NA
Reps2	NA	-2.93239463334755	NA
Rere	0.706855232517043	0.598256435478291	NA
Retsat	NA	-0.654563861770612	NA
Rev1	0.81537990815131	0.820012342176993	NA
Rev3l	1.08647447633084	1.6265329310073	NA
Rexo1	0.686967692801651	NA	NA
Rfesd	0.630393525023879	NA	NA
Rftn1	NA	-0.727713955492682	NA
Rfwd2	NA	0.627991257023804	NA
Rfx3	NA	0.591075887580791	NA
Rgcc	NA	-4.1910276714214	NA
Rgl2	1.50953516903979	1.44889788218385	NA
Rgp1	1.16356547738801	0.973377719267324	NA
Rgs1	0.792098288589871	NA	NA
Rgs11	5.47889441384675	NA	NA
Rgs9	-6.04620756706218	NA	NA
Rgs9bp	-4.89352874034256	NA	NA
Rhbdd3	0.608751583510236	NA	NA
Rho	-9.80439790312661	NA	NA
Rhoc	-0.607936212166799	-0.726021403509278	NA
Ric1	NA	0.93609299172393	NA
Ric8b	NA	0.792178332112817	NA
Rif1	NA	0.789032405769168	NA
Rn45s	NA	1.07723966937194	NA
Rnasel	0.601491064623513	0.866473372222925	NA
Rnf128	NA	-0.600914975303335	NA
Rnf150	0.618927544059107	NA	NA
Rock1	NA	0.647820941989898	NA
Rock2	NA	0.692317233376836	NA
Romo1	-0.756520962482432	NA	NA
Rorb	NA	-2.90091813496127	NA
Rp1	-6.13862549984664	NA	NA
Rpap1	NA	0.624936773198965	NA
Rpgrip1	NA	2.07951829466957	NA
Rpl10	2.04205673886108	1.79996733179895	NA
Rpl10a	1.49319833603329	1.26352566170164	NA
Rpl12	1.3211755118739	1.44428323884053	NA
Rpl13a	-0.645505307212543	NA	NA
Rpl17	NA	0.858017937157811	NA
Rpl21	0.98165776914768	NA	NA
Rpl32	-0.607083009148436	NA	NA
Rpl35	-0.83953455415854	NA	NA
Rpl35a	-0.626433965713887	NA	NA
Rpl37	-0.654538507232311	NA	NA
Rpl37a	-0.949967592498087	NA	NA
Rpl37rt	-0.903574243781432	NA	NA
Rpl38	-0.65018971347194	NA	NA
Rpl39	-0.594780682175683	NA	NA
Rpl9	NA	1.39569641437392	NA
Rplp2	-0.642125298266109	NA	NA
Rps12	NA	1.20631619088466	NA
Rps13	NA	0.765670631401993	NA
Rps14	-0.606566175334131	NA	NA
Rps17	NA	1.19304363002491	NA
Rps21	-0.823691928160501	NA	NA
Rps27	1.26865014952098	1.48822411176301	NA
Rps6ka3	NA	0.73436398345492	NA
Rps6kb1	NA	0.666134625494599	NA
Rps6kb2	0.917531631353683	NA	NA
Rps6kl1	1.66870040959677	NA	NA
Rptoros	1.04452191369948	NA	NA
Rpusd2	1.09009737709289	NA	NA
Rreb1	0.687753738757331	0.607195179359165	NA
Rrnad1	1.17854366644943	1.46181034092734	NA
Rsf1	NA	0.646473986377109	NA
Rsrp1	0.722646489684537	0.828859135031205	NA
Rttn	NA	1.02191134924464	NA
Rufy3	NA	0.730196878656809	NA
Rwdd3	1.10688258929905	NA	NA
Ryr1	4.2683855232747	NA	NA
S100a11	NA	-1.18368063657518	NA
S100a16	-3.58642977175738	NA	NA
S100a8	-6.13890277091298	-14.958241519254	NA
S100a9	-21.8188766938902	-13.5374557505382	NA
S1pr2	-0.618176713183797	NA	NA
Safb2	0.774628348733177	1.05109277436192	NA
Sag	-2.91366117480235	NA	NA
Samd1	0.932010851174612	0.76850422241533	NA
Sap130	0.621010520012701	0.768052138541452	NA
Sass6	NA	0.769377943376761	NA
Satb1	NA	0.704910971444172	NA
Sbf1	0.638124111588483	0.684473861851202	NA
Sbno1	NA	0.807661470090537	NA
Scai	1.40584251079005	1.33145964037032	NA
Scaper	0.992367212822381	0.903400361356036	NA
Scimp	NA	-0.704405479599619	NA
Sclt1	0.764890624857967	1.04188738966744	NA
Scnn1a	NA	-2.88671760010052	NA
Scpep1	NA	-0.612613662551857	NA
Scrib	1.10247626408265	NA	NA
Sdc4	NA	-0.673575749108395	NA
Sdf2l1	NA	-0.585515367866441	NA
Sdhc	NA	-0.603532735990065	NA
Sdk1	NA	0.611426354492449	-0.903507597821514
Sdr39u1	0.841177921376175	0.845974220552066	NA
Sec22c	NA	0.815473879159624	NA
Sec24a	NA	0.59601094819373	NA
Sec61a2	NA	0.956843570865126	NA
Sec62	-0.64077924572643	NA	NA
Secisbp2	0.768491455693615	0.62293498757638	NA
Selm	-0.87646259400808	-0.968821704894278	NA
Sema4a	NA	-0.717106863667439	NA
Sema4g	1.06207514005706	0.934283499884845	NA
Senp1	0.586262986375163	NA	NA
Senp2	NA	0.741900281355225	NA
Sept5	NA	NA	3.448669974909
Sept9	NA	-1.10245886089732	NA
Sepw1	-0.729979872399683	-0.982625092748664	-0.858596483437723
Serac1	NA	0.80284482748945	NA
Serpinb1a	NA	-4.38851164978953	NA
Serpinb6b	NA	3.44680218990234	NA
Serpinc1	NA	1.61075469546642	NA
Serpind1	NA	2.28138571426125	NA
Serpinf1	NA	-0.64057964289582	NA
Setbp1	NA	1.07956821157456	NA
Setd1a	1.11526210826747	0.613053418454736	NA
Setd1b	0.804863313538359	0.797253035641688	NA
Setd2	0.732044384023174	1.25066792594586	NA
Setd4	1.19007113257149	NA	NA
Setd5	1.13301888714003	0.887822518202608	NA
Setx	NA	1.29084540511795	NA
Sf3a2	NA	-0.605082914878463	NA
Sf3b4	-0.688942763460145	NA	NA
Sfi1	1.01292133391919	0.971364001575051	NA
Sfswap	NA	0.865949186148758	NA
Sgip1	1.77204354046583	NA	NA
Sgk1	-0.689199884881207	NA	NA
Sgpl1	-0.630228826364578	-0.618771862203913	NA
Sgsh	NA	-0.646536426563414	NA
Sh3pxd2a	1.44356957494862	1.25401434701663	NA
Shisa5	NA	-0.689082415580617	NA
Siah1b	NA	-0.638126948078435	NA
Siglece	NA	-0.679403852888175	NA
Sik2	0.679657543303853	0.797958284660053	NA
Simc1	0.644155308294718	NA	NA
Sipa1l3	0.643009569375583	0.996779308799028	NA
Ska3	2.28665551323781	NA	NA
Slamf7	2.73602165779409	NA	NA
Slamf9	NA	-0.796816163487443	NA
Slc16a1	-0.683280238427989	NA	NA
Slc16a3	-0.766580893017713	NA	NA
Slc16a8	-3.95403616485381	NA	NA
Slc1a4	NA	-0.897698104938997	NA
Slc1a5	0.938043605433807	NA	NA
Slc20a1	1.13751972030869	1.159815695274	NA
Slc24a1	NA	2.47392016706361	NA
Slc24a5	1.76994772808002	NA	NA
Slc25a27	1.9926339098731	2.44301791830997	NA
Slc25a30	0.597552350522772	NA	NA
Slc25a37	1.61073745001842	1.43957472177397	NA
Slc25a38	NA	0.589953801488131	NA
Slc25a43	0.635237301471467	NA	NA
Slc26a6	1.05999099187835	1.39464670928963	NA
Slc27a1	NA	NA	-0.687711485415223
Slc27a3	4.58044180808935	NA	NA
Slc29a1	NA	-0.612254487180915	NA
Slc2a12	NA	3.67691337882786	NA
Slc2a3	NA	-0.647549992806831	NA
Slc2a4rg-ps	1.77181260036474	2.5081320353131	NA
Slc2a6	NA	-0.778662659640941	NA
Slc30a1	NA	-0.7056428826023	NA
Slc35a3	-0.608417287651512	NA	NA
Slc35b2	-0.76431393403861	NA	NA
Slc35e2	NA	0.726243079076247	NA
Slc35f4	NA	NA	23.1496501701998
Slc36a1	0.748041201293879	NA	NA
Slc38a6	0.880318260868022	0.980030306873606	NA
Slc38a7	NA	-0.701501033243604	NA
Slc39a4	-0.818002646797572	-0.988566605285354	NA
Slc3a2	NA	-0.737242133245396	NA
Slc46a1	NA	-0.759123699395458	NA
Slc46a2	4.00049404493085	NA	NA
Slc5a10	-0.637573936068265	NA	NA
Slc5a11	NA	-1.92294804058914	NA
Slc5a3	0.759012180207479	0.739324167989983	1.37789519637465
Slc6a1	-5.59033332772711	NA	NA
Slc7a1	NA	-1.13152635738434	NA
Slc7a3	NA	NA	33.234925087866
Slc7a5	NA	-0.604878212715028	NA
Slc8a1	NA	0.588060945994738	NA
Slco1c1	NA	4.49950190840293	NA
Slfn10-ps	1.67397126964732	NA	NA
Slfn2	-0.68142101915038	-0.62540239069731	NA
Slk	NA	0.67624345997248	NA
Slmo1	NA	1.26188724536305	NA
Sltm	NA	0.815967863037976	NA
Slx4	0.807097824521131	NA	NA
Smarca2	NA	0.689731428160629	NA
Smarcc1	NA	0.647800624749956	NA
Smc4	NA	0.765690624975365	NA
Smg1	1.82278829238226	2.26545956709359	NA
Smg5	0.674577632803416	0.760322493769686	NA
Smg6	0.888984226338962	NA	NA
Smim22	NA	2.91883280270765	NA
Smkr-ps	NA	-2.34740616431033	NA
Smpd1	NA	-0.596535920748068	NA
Smpd5	0.81374021312972	0.752455855239388	NA
Snap25	NA	-1.11830104385835	NA
Snapc3	NA	0.694159760102418	NA
Snapc4	0.904534425791555	0.938918870410731	NA
Sncb	NA	-3.3124666653197	NA
Snhg1	2.10190581090539	2.07735100284827	NA
Snhg12	1.49290364084581	1.90808736318008	NA
Snhg17	2.84384504828772	2.4818283191816	NA
Snhg20	1.76671913090113	2.03760208107449	NA
Snhg3	0.760735651408787	0.81609588530199	NA
Snhg5	1.7544872504019	1.83036492559514	NA
Snhg6	NA	0.760986592641487	NA
Snora28	NA	1.68228795444902	NA
Snora3	2.35633762319417	NA	NA
Snora31	NA	2.81357196936662	NA
Snora64	2.08727956586541	2.67436069035863	NA
Snora65	2.8124004234245	2.3965966238469	NA
Snora68	1.95743056672735	2.79057277830544	NA
Snora70	4.12291711965089	1.84959596307571	NA
Snora81	NA	3.49534762377593	NA
Snord100	2.12272510902475	NA	NA
Snord104	1.9009152063783	1.71899995029958	NA
Snord12	3.06756563155929	2.29717492038291	NA
Snord15b	NA	4.5257089908648	NA
Snord17	1.27687774850749	2.14491171167706	NA
Snord19	3.35117942553074	NA	NA
Snord22	3.50739443681858	2.79872841757166	NA
Snord35b	NA	2.58950083103077	NA
Snord37	NA	2.29911011121294	NA
Snord47	2.98503747501652	2.77221309093207	NA
Snord49a	2.59119817932786	3.35931447295338	NA
Snord49b	2.48860063109689	NA	NA
Snord55	NA	2.40185025404598	NA
Snord65	1.7534555360825	2.25210507415082	NA
Snord68	NA	3.12193151150583	NA
Snord72	NA	2.31712690414736	NA
Snord96a	NA	2.42335393889642	NA
Snrnp48	NA	0.61541668078017	NA
Snrnp70	NA	0.790440696879001	NA
Sntb2	NA	0.892611014950869	NA
Snx22	2.14845346201048	1.96236384648	NA
Snx29	1.05326937218922	1.43503228644301	NA
Snx30	0.675933317222389	0.673439765926285	NA
Snx7	-0.613434319923755	NA	NA
Soat1	NA	-0.596233770922324	NA
Socs7	0.745395337323882	0.878851467382858	NA
Soga1	0.766046476300188	0.716835147255672	NA
Sorbs2	NA	-4.24189854325295	NA
Sorl1	0.984687148434427	NA	NA
Spag1	2.59351650430377	NA	NA
Spata1	NA	0.872958207907923	NA
Spata21	NA	2.53203228942681	NA
Spata5l1	NA	0.699269312780731	NA
Spata6	0.671347709802437	NA	NA
Spen	1.02224026958503	1.41899303358727	-0.798611591662622
Spire1	NA	0.610338358487071	NA
Spon1	NA	1.37154212309116	NA
Spopl	NA	0.850836281821666	NA
Spp1	NA	-2.03182950742655	NA
Sppl2a	-0.770132510132749	NA	NA
Sprtn	NA	0.592830312468936	NA
Spx	17.6285048321197	NA	NA
Srcap	1.30404162033758	1.61774745959886	NA
Srek1	0.669633344199878	0.9219215271521	NA
Srrm2	NA	0.805006764987119	NA
Srsf5	1.00845220467834	0.899883390079268	NA
Srsf7	NA	0.928107607141412	NA
Ssh3	1.80388647986602	NA	NA
Ssr2	-0.76369498532334	-0.708028913391946	NA
St3gal3	NA	0.634640995369525	NA
St8sia6	-0.7992499545885	-1.03486070322861	NA
Stab1	0.640129925843712	NA	NA
Stag3	3.27844903143222	NA	NA
Steap1	19.0407253636303	NA	NA
Steap3	NA	-1.05314319170236	NA
Stk11	1.011634548852	NA	NA
Stk35	NA	0.902891835302788	NA
Stkld1	NA	2.90625312579302	NA
Ston2	NA	0.83364704383327	NA
Strbp	NA	0.894658671536098	NA
Strip2	NA	NA	-5.09834747168554
Stx16	1.17941601712627	1.11142607497021	NA
Stx1a	2.21073008624883	1.66146405516096	NA
Stx4a	0.65084894321455	1.1945576258928	NA
Stxbp4	0.93084027097145	1.00906735909591	NA
Styx	1.39187605926148	NA	NA
Sugp2	1.10550773171761	1.65658365117344	NA
Suox	-0.602410864552371	NA	NA
Supt16	0.722854095579732	0.741434933761902	NA
Sycp2	4.34685926984414	4.94864237586898	NA
Syne2	NA	1.4520416660703	NA
Syne4	NA	4.50802601610725	NA
Synj2bp	NA	0.728538823757982	NA
Syp	NA	-0.894197602692076	-0.843113528618048
Syt11	NA	-0.652929113818852	NA
Szrd1	NA	0.814486645912763	NA
Szt2	1.9259368230424	1.69067158590816	NA
Tab2	0.647015201769357	NA	NA
Tab3	NA	0.760260554798676	NA
Tacc2	0.660261730392887	NA	NA
Taf1	NA	0.669812435252323	NA
Taf15	1.03852523270215	1.57066943639404	NA
Taf1a	1.099538632841	0.923083342577246	NA
Taf1d	NA	1.32867384721465	NA
Taf4	NA	0.618268173935255	NA
Tagap1	1.17455461399131	0.920194039555582	NA
Tagln3	NA	-3.60543328588778	NA
Tanc2	0.62264681386827	NA	NA
Tango6	NA	0.625883129297103	NA
Taok1	1.0307357159486	1.08418693829693	NA
Taok2	0.598649526385076	0.87109248131736	NA
Tarbp2	0.711403039470559	0.664257919291429	NA
Tardbp	NA	0.927913774900114	NA
Tas1r3	NA	1.97614314282733	NA
Tatdn2	NA	1.31584585252439	NA
Tbc1d10c	1.80406221766082	NA	NA
Tbc1d16	0.997138388645391	NA	NA
Tbc1d2	3.93675445490757	NA	NA
Tbc1d31	NA	0.911852169393538	NA
Tbkbp1	NA	0.58924300173317	NA
Tbrg3	1.56774615889472	1.68319847954408	NA
Tbrg4	0.998866593513976	NA	NA
Tbx6	1.48079009226552	1.45527908701903	3.10017325363822
Tcea2	NA	0.665749927494261	NA
Tceb2	-0.65493817625257	NA	NA
Tcf20	1.21482651199723	1.10948951133487	NA
Tcp11	2.11431812740048	3.52936256922727	NA
Tctn1	-0.71965697960463	NA	NA
Tead2	NA	1.41038001578603	NA
Tecpr2	NA	1.04125461526065	NA
Tecr	NA	-0.65864415180832	NA
Tef	0.756370404964275	NA	NA
Tet1	1.18185355092103	1.15893813700055	NA
Tet2	1.37111989496353	1.58139332111604	NA
Tet3	1.13125571360959	1.29404669573541	NA
Tex12	0.711965475757951	0.62652383394133	NA
Tex261	NA	-0.651288004420557	NA
Tex9	1.37222055793791	NA	NA
Tfec	NA	-3.30568125696613	NA
Tfrc	-0.873733773574382	NA	NA
Tgfbr1	-0.600650749712973	NA	NA
Tha1	1.10470564500015	0.781941188094277	NA
Thap6	0.88041341823241	NA	NA
Thoc2	NA	0.716338272483377	NA
Thrap3	NA	0.614366529086566	NA
Thrb	2.64948822479616	NA	NA
Tia1	NA	0.975200565227641	NA
Tlcd2	NA	-0.860953874673575	NA
Tle2	1.51802878860582	1.05874482707341	NA
Tlr13	NA	-0.596665841440549	NA
Tlr3	-0.664094466509293	-0.759757848677054	NA
Tm7sf2	NA	-0.69784906864776	NA
Tmbim6	NA	-0.747960101971127	NA
Tmc4	NA	2.38730025108508	NA
Tmcc2	1.26043203810463	NA	NA
Tmed2	-0.636033121946856	NA	NA
Tmem104	NA	-0.774936267880387	NA
Tmem109	NA	-0.610865752430177	NA
Tmem151a	15.8911005318734	NA	28.3985358919236
Tmem154	NA	-0.783920315039711	NA
Tmem160	-0.747748670499238	-0.623214456984619	NA
Tmem176a	NA	-0.933520753160042	NA
Tmem176b	NA	-0.644101320254186	NA
Tmem181b-ps	3.00897724827165	3.02696262619381	NA
Tmem181c-ps	NA	2.37836318937348	NA
Tmem183a	0.695538733504247	NA	NA
Tmem184c	0.799663567302088	NA	NA
Tmem19	-0.592691751341972	NA	NA
Tmem191c	1.38163781410646	NA	NA
Nemp2	NA	0.733819239100603	NA
Tmem220	NA	-0.949456202596282	NA
Tmem221	NA	-0.692183524395086	NA
Tmem231	NA	-0.792853516036482	NA
Tmem242	NA	-0.625125922695512	NA
Tmem245	NA	0.907279953226258	NA
Tmem263	-0.63861206855292	NA	NA
Tmem265	1.35060418900768	1.0046154968515	NA
Tmem37	NA	-0.692891251130108	NA
Tmem41b	-0.602473552202433	NA	NA
Tmem53	NA	-0.634036236570865	NA
Tmem8	1.25311023874803	NA	NA
Tmem86b	1.96068631797126	2.6105030497236	NA
Tmem8c	-0.65081854814996	-0.831830802697954	NA
Tmem9	NA	-0.642791972912687	NA
Tmem97	NA	-0.696112294780122	NA
Tmf1	0.644120490265652	0.901834354455488	NA
Tmod4	3.18044458495137	2.44769377958583	NA
Tmsb10	-1.24415927617898	-0.794488120800081	NA
Tnf	1.15960354192704	0.920826018167503	NA
Tnfaip3	NA	0.590216355650629	NA
Tnfrsf14	NA	0.732674434316263	NA
Tnfrsf4	NA	3.63801566067754	NA
Tnfsf13	1.01381181042551	NA	NA
Tnfsf14	NA	NA	-5.45358610559009
Tnfsf8	1.51781977535185	NA	NA
Tnrc18	1.44387125322673	1.1959600571569	NA
Tnrc6a	0.778172976815433	1.19237119467803	NA
Tnrc6b	0.650459610425261	0.882084686254037	NA
Tnrc6c	0.680712826819313	0.74983740483197	NA
Tns1	0.957684426774	NA	NA
Tns3	0.591626896054173	NA	NA
Tomm6	-0.84699873537451	NA	NA
Tomt	NA	0.788154236388076	NA
Top1mt	0.591507791107571	NA	NA
Tra2a	NA	1.21226206333826	NA
Traf3	0.784521624370625	0.731359906327482	NA
Traf3ip1	NA	1.12367312231995	NA
Trak1	0.764588308508926	NA	NA
Trak2	1.49195655363809	1.43082522934722	NA
Tram1	-0.698647326284495	NA	NA
Trappc10	0.756224402129276	NA	NA
Trappc3	-0.593041519004204	NA	NA
Trem3	NA	-5.40043041477257	NA
Trim12c	NA	0.877505493767758	NA
Trim30b	2.08698109527669	NA	NA
Trim33	0.624096924379872	NA	NA
Trim41	0.974113045650547	NA	NA
Trim44	0.711996405449423	0.752323078879967	NA
Trim56	0.747102874501542	1.20268008245221	NA
Trim72	-2.7369255933795	NA	NA
Trio	1.12782066631783	1.15080349126974	NA
Trip11	0.861012172138288	1.37608810834488	NA
Trip13	NA	-0.890244489460369	NA
Trip6	2.42731086423344	3.18570544970057	NA
Trmt13	0.80719862381934	1.0239011983206	NA
Trove2	NA	NA	0.666332692731488
Trp53bp1	NA	0.664547210737096	NA
Trp53cor1	0.742854607337588	NA	NA
Trp53i13	NA	-0.62179588453269	NA
Trp53inp2	NA	0.909540176261744	NA
Trpm2	0.921168198161517	NA	NA
Trpm7	0.867932507500207	1.09574559401747	NA
Trpt1	1.01091400620767	NA	NA
Trrap	1.04332573695016	0.798818911305034	NA
Tsc1	0.75617347498986	0.959455810596892	NA
Tsc22d3	NA	-0.655243843193396	NA
Tshz1	NA	0.868111353782702	NA
Tsix	-5.94155688445057	-3.69926096587847	-6.14873276968127
Tspan31	-0.586711811357298	NA	NA
Tspan33	-0.752987749480994	NA	NA
Tspan5	-0.713279824589137	NA	NA
Tspo	NA	-0.650859664778781	NA
Tspyl2	0.825946679562931	0.599636867091986	NA
Tstd1	NA	1.17578154887861	NA
Ttbk2	NA	0.847161933350558	NA
Ttc14	NA	0.916380538514204	NA
Ttc17	NA	0.636126185382039	NA
Ttc28	0.698940359890014	NA	NA
Ttc3	0.812877331598659	NA	NA
Ttc30a1	NA	-0.62786355298476	NA
Ttf1	0.67299093594718	0.761857994385925	NA
Ttf2	0.622270905877331	NA	NA
Ttll3	2.49594608182417	2.18676285204096	NA
Ttll4	NA	1.00362490663245	NA
Ttll5	0.986526054242039	0.847809896114565	NA
Ttr	NA	3.0823385336574	NA
Tuba8	NA	-3.83763634903985	NA
Tubgcp4	NA	0.854825861877338	NA
Tubgcp6	NA	0.704647184652443	NA
Tuft1	0.970951948114017	NA	NA
Tulp2	NA	1.21782128888506	NA
Tulp4	0.812735490694114	1.12600102756701	NA
Tvp23a	2.04023565973244	3.00379529416355	NA
Txlng	0.779017994869954	0.645048689437706	NA
Txnrd3	NA	-0.589508732224504	NA
Tyk2	NA	0.5923429372883	NA
Tyw5	NA	0.821530659719521	NA
Ubald1	NA	-0.660257966226228	NA
Ube4bos3	NA	4.11573210943371	NA
Ubl5	-0.58882113365276	NA	NA
Ubn1	NA	0.691152029879496	NA
Ubn2	0.945579949481062	1.2479770223564	NA
Ubr1	0.651140619111663	0.874712487745183	NA
Ubr2	NA	0.614217897914003	NA
Ubr4	1.25145317601459	1.2866026616676	NA
Ubr5	1.060797978422	0.992114644002083	NA
Uchl4	1.17715273791917	0.991372118174082	NA
Uckl1	0.890836111625322	NA	NA
Uckl1os	2.24136119582651	1.96087417818186	NA
Ugt1a2	NA	3.26311331274883	NA
Ugt1a7c	-0.609983618163648	NA	NA
Uhrf1bp1	0.734037346837111	NA	NA
Uimc1	NA	0.758157356470688	NA
Ulk3	NA	0.682489748612999	NA
Upf2	NA	0.765850757059677	NA
Upf3b	1.10686571427825	0.956686267955666	NA
Urb1	0.828186182166477	0.660424047098827	NA
Usp20	0.734734044087336	NA	NA
Usp24	NA	0.73397786118044	NA
Usp31	0.688037363663472	0.83185617375924	NA
Usp32	NA	0.595577684169745	NA
Usp34	1.03475991302798	1.73878440512801	NA
Usp35	NA	1.03509239306173	NA
Usp40	NA	0.879129724503098	NA
Usp45	NA	0.681592914751782	NA
Usp53	2.13872994858425	NA	NA
Utrn	0.735648949911021	1.17436303961918	NA
Uty	10.8424529238653	10.649832362949	10.8076178910977
Uvssa	1.42344705057357	1.18360204924882	NA
Vamp1	1.55477633999143	2.25615750819227	NA
Vash1	1.19125115109514	0.753719203698164	NA
Vasn	NA	2.29249361835645	NA
Vcam1	-0.628234521524958	-0.796609707250351	NA
Vil1	NA	3.66641878661681	NA
Vipr1	NA	0.852302636626091	NA
Vprbp	NA	0.592745928460704	NA
Vps13b	0.739760212938691	0.877903296518104	NA
Vps13c	1.09949415373454	1.24317581646291	NA
Vps13d	0.743956251153556	1.26793472533434	NA
Vps37d	-1.41950119416622	NA	NA
Vps9d1	0.793974775862985	0.920584622804901	NA
Vsnl1	NA	-3.38118472382348	NA
Vstm4	NA	-1.42486376551623	NA
Wdfy3	0.792479864264304	0.898408916225225	NA
Wdfy4	0.691891231559127	NA	NA
Wdr13	0.818987738986795	0.607165059616596	NA
Wdr24	NA	NA	-0.657544059568329
Wdr34	NA	NA	-0.687160406609607
Wee1	-2.84539500766319	NA	NA
Wfdc21	NA	-5.92376389233206	NA
Whrn	0.85087507540417	0.895608212171354	NA
Whsc1	NA	0.630731052150918	NA
Wnk1	0.977850515125297	1.12267014255043	NA
Wnk3	3.16331852776615	NA	NA
Wnk4	NA	0.870046863042561	NA
Wnt2b	2.1926593778094	2.12602439942615	NA
Wsb1	NA	0.707291293847626	NA
Wwc1	3.69609886311329	NA	NA
Wwox	-0.625823186529841	NA	NA
Xbp1	-0.634777997315878	NA	NA
Xiap	NA	0.627525664428387	0.772635330134817
Xirp1	3.50119195686713	NA	NA
Xist	-11.2867207620354	-11.0430172609385	-11.9036865434374
Xpnpep3	NA	0.958486678060875	NA
Xpr1	NA	1.08998718217133	NA
Xrcc3	1.58479879847718	1.12512681053076	NA
Yeats2	NA	0.756683840778299	NA
Yif1a	NA	-0.613299447244823	NA
Yif1b	NA	-0.599429076062997	NA
Ylpm1	0.725524065896142	1.08771002996281	NA
Yod1	NA	0.929882563213943	NA
Ypel1	NA	1.2922067493944	NA
Ythdc2	NA	NA	1.14535901929109
Zbed6	2.11769014756362	1.92981280543519	NA
Zbtb20	0.901873803376937	0.798435304030744	NA
Zbtb32	NA	2.5823588851075	NA
Zbtb34	0.75971513280061	NA	NA
Zbtb37	NA	0.765672342238434	NA
Zbtb38	0.615951926069538	0.895469575258859	NA
Zbtb39	0.771163565421946	NA	NA
Zbtb4	0.700482516085055	NA	NA
Zbtb40	NA	1.10294574611772	NA
Zbtb46	1.37189681343887	NA	NA
Zbtb48	1.06276454997911	1.06673175704536	NA
Zbtb49	NA	0.620771207750947	NA
Zbtb5	NA	0.58619334429201	NA
Zbtb7a	0.686627229908839	NA	NA
Zc3h11a	NA	0.686031350991586	NA
Zc3h12a	1.71030706158893	1.43032797081339	NA
Zc3h13	1.12111024639319	1.54537823754747	NA
Zc3h3	0.637111364559285	NA	NA
Zc3h4	0.65944098240134	NA	NA
Zc3h6	1.34408848534463	NA	NA
Zc3h7a	1.01100122081504	1.40173408443686	NA
Zc3h7b	1.31378711741941	0.725548754488812	NA
Zcchc14	1.27212221494137	0.629340275918039	NA
Zcchc24	0.631958722660446	NA	NA
Zcchc6	NA	0.713783135137	NA
Zcchc7	0.953161416839476	1.52268323200421	NA
Zdbf2	NA	-16.0104100504076	NA
Zeb1	1.22605759794726	0.804730621092403	NA
Zeb2	NA	0.909931963281115	NA
Zfc3h1	NA	0.967848935917166	NA
Zfhx3	0.995300568069754	NA	NA
Zfp101	-0.7644106533683	NA	NA
Zfp106	0.688062099417246	0.706538935330914	NA
Zfp108	NA	0.7920713094946	NA
Zfp109	0.608893339522536	NA	NA
Zfp142	0.798667589887659	1.01317418933243	NA
Zfp146	NA	1.13213752908943	NA
Zfp160	NA	0.596065141261084	NA
Zfp182	NA	1.16690565391559	NA
Zfp202	1.10806402684458	0.867906212933573	NA
Zfp217	0.696053366280286	NA	NA
Zfp236	0.921089652763218	0.872119574734328	0.70974221825656
Zfp26	NA	0.675087640093119	NA
Zfp276	0.937911744305284	1.03366131043105	NA
Zfp28	NA	0.674637137996723	NA
Zfp280c	0.80366937939962	0.957046122208755	NA
Zfp292	NA	0.749740634724929	NA
Zfp318	1.01098141647703	1.37025186419535	NA
Zfp322a	NA	0.597854400547098	NA
Zfp326	0.732466341437707	0.921111199856469	NA
Zfp329	NA	0.689106062240556	NA
Zfp335	0.914149953097836	0.939690061220544	NA
Zfp354a	NA	0.737750143792954	NA
Zfp36	1.00650246400278	0.880388279365109	NA
Zfp369	NA	0.831672945570585	NA
Zfp36l1	NA	-0.759999161746068	NA
Zfp385c	1.09572297343823	NA	NA
Zfp398	NA	0.599427745525823	NA
Zfp40	NA	0.766701192052168	NA
Zfp407	0.771409803160541	NA	NA
Zfp408	NA	1.07140758156979	NA
Zfp418	NA	0.629637213322258	NA
Zfp420	NA	0.592150738716846	NA
Zfp445	1.11158251554419	0.832969394865808	NA
Zfp511	0.607481105277743	NA	NA
Zfp516	0.693247958124282	0.597762535487993	NA
Zfp52	NA	0.696001165475054	NA
Zfp532	0.818286541346819	NA	NA
Zfp568	1.07385048027347	NA	NA
Zfp592	NA	0.64107751768437	NA
Zfp598	0.587190030528418	NA	NA
Zfp605	NA	0.837329433138195	NA
Zfp608	1.01254486400032	0.75726619271881	NA
Zfp609	0.972047417242511	0.7350385207159	NA
Zfp62	0.590697228432191	0.64103698587853	NA
Zfp626	NA	0.678628379273621	NA
Zfp628	0.873838334905819	NA	NA
Zfp638	NA	1.09800761674997	NA
Zfp641	2.4473101947951	NA	NA
Zfp646	0.791007078663816	NA	NA
Zfp651	NA	0.774241700714892	NA
Zfp653	0.647589966599604	0.679982611797081	NA
Zfp664	NA	0.654678457184952	NA
Zfp668	0.588996384613066	NA	NA
Zfp677	0.654266496026252	NA	NA
Zfp69	NA	0.883956659218107	NA
Zfp691	NA	1.12701963723313	NA
Zfp692	1.04901799095657	0.829980402761322	NA
Zfp704	0.987330135017649	0.825499230088462	NA
Zfp729a	0.849709190934233	1.06513066703192	NA
Zfp729b	NA	0.5898384221937	NA
Zfp738	NA	0.605375926926653	NA
Zfp760	NA	0.773248081362452	NA
Zfp770	NA	0.597078466182996	NA
Zfp784	0.940999238720134	NA	NA
Zfp809	0.60399323014122	0.650691192002188	NA
Zfp850	NA	0.992060930929573	NA
Zfp862-ps	NA	0.741443307684299	NA
Zfp865	0.700263358980617	NA	NA
Zfp871	0.802063112625806	0.862595079944391	NA
Zfp873	NA	0.832346801529703	NA
Zfp882	NA	0.61862672951767	NA
Zfp91	NA	0.589084944542331	NA
Zfp932	NA	1.07458844421605	NA
Zfp934	NA	0.802624295424819	NA
Zfp935	0.673792354826218	0.89739163544287	NA
Zfp939	NA	1.06879036471771	NA
Zfp945	0.59393915017545	0.95311414177606	NA
Zfp948	NA	0.952792582598197	NA
Zfp949	NA	0.863541323986468	NA
Zfp950	0.744641316005944	1.44746307630012	NA
Zfp953	0.999071388194796	NA	NA
Zfyve16	NA	0.689847328472652	NA
Zfyve26	0.726801874160792	0.929355594194413	NA
Zfyve28	0.972544843672454	NA	-1.16440373231453
Zfyve9	NA	1.73820988788264	NA
Zhx3	NA	0.902752088392177	NA
Zkscan7	NA	0.704349767711561	NA
Zkscan8	0.685026586070749	0.849790092151734	NA
Zmat1	0.706372730889294	NA	NA
Zmpste24	-0.611480130716662	NA	NA
Zmym2	NA	0.630645231314021	NA
Zmym6	1.10754338394383	1.14908582016992	NA
Zmynd15	1.59591472731297	NA	NA
Znf41-ps	NA	1.01044965741178	NA
Znf512b	1.36544077418193	0.828593349584156	NA
Zrsr1	1.47067615662435	NA	NA
Zrsr2	NA	0.642892807322549	NA
Zscan18	NA	0.720308217337389	NA
Zscan2	1.50075963313152	NA	NA
Zscan25	1.80932966327243	NA	NA
Zscan26	1.04213178220509	1.19065260592723	NA
Zswim6	NA	0.836307189898844	NA
Zswim7	NA	-0.600115685309979	NA
Zswim8	1.17283791739859	0.921818533700092	NA
Zufsp	NA	0.901205982908417	NA
Zzef1	1.12970093669734	1.00122736881999	NA
Zzz3	NA	0.632152835883158	NA
