category	52w VS 8w (SPF)	52w VS 8w (GF)	104w VS 8w (SPF)	104w VS 8w (GF)	104w VS 52w (SPF)	104w VS 52w (GF)
04110	0.0165783083606139	NA	1.80310871445322e-07	0.000145014548660805	0.000930219988649545	NA
04114	0.0165783083606139	NA	3.44789407383935e-06	0.00103030459799229	0.000930219988649545	NA
04060	0.027616037373246	NA	0.000179466026543046	0.001642139911435	0.000930219988649545	NA
04115	0.0311482993589473	NA	0.00202670101525067	NA	NA	NA
04914	NA	NA	0.00219393911113703	NA	NA	NA
05323	NA	NA	0.00219393911113703	NA	NA	NA
04672	NA	NA	0.00219393911113703	NA	NA	NA
04514	NA	NA	0.00260853341924194	NA	NA	NA
04670	NA	NA	0.012254088381079	NA	NA	NA
05144	NA	NA	0.0133062821742962	NA	NA	NA
05150	NA	NA	0.0133062821742962	NA	NA	NA
04710	NA	NA	0.0334634901449835	NA	NA	NA
