category	52w VS 8w (SPF)	52w VS 8w (GF)	104w VS 52w (SPF)	104w VS 52w (GF)	104w VS 8w (SPF)	104w VS 8w (GF)
04110	0.0161276299110681	NA	0.000942332895771721	NA	1.86408069543929e-07	0.000144157120128909
04114	0.0161276299110681	NA	0.000942332895771721	NA	3.43503855337111e-06	0.00101917041797202
04060	0.0276441004332375	NA	0.000942332895771721	NA	0.000183333314901223	0.00166572956097854
04115	0.0321314742142456	NA	NA	NA	0.00206329116227445	NA
05323	NA	NA	NA	NA	0.00220644922559167	NA
04914	NA	NA	NA	NA	0.00220644922559167	NA
04672	NA	NA	NA	NA	0.00220644922559167	NA
04514	NA	NA	NA	NA	0.00262900457678007	NA
04670	NA	NA	NA	NA	0.0126456602203602	NA
05144	NA	NA	NA	NA	0.0137811211001935	NA
05150	NA	NA	NA	NA	0.0137811211001935	NA
04710	NA	NA	NA	NA	0.0340741793841064	NA
