category	52w VS 8w	104w VS 52w	104w VS 8w
04744	0.00809737753393827	0.00165352519862611	1.32810778866279e-06
05322	0.0187026596228888	0.00257123991256241	0.000653820605077608
04110	0.0219948623149886	0.00799796431332485	0.00344237904222229
04060	0.0275691742856524	0.0154139454290428	0.00714192363561693
04672	0.0450738617065555	0.0158133239050828	0.0111895952149266
05323	0.0450738617065555	0.0498351904596509	0.0111895952149266
04115	0.0450738617065555	NA	0.0163411011721721
05310	NA	NA	0.0166256448512169
05150	NA	NA	0.0166256448512169
04114	NA	NA	0.0166256448512169
04914	NA	NA	0.0166256448512169
05330	NA	NA	0.0176593544196402
05146	NA	NA	0.0176593544196402
04612	NA	NA	0.0329648086329685
