category	52w VS 8w (F, SPF)	52w VS 8w (F, GF)	52w VS 8w (M, SPF)	52w VS 8w (M, GF)	104w VS 52w (F, SPF)	104w VS 52w (F, GF)	104w VS 52w (M, SPF)	104w VS 52w (M, GF)	104w VS 8w (F, SPF)	104w VS 8w (F, GF)	104w VS 8w (M, SPF)	104w VS 8w (M, GF)
04672	0.0113814880050911	0.00372443115322927	0.000521493102990781	0.00245957129957248	0.00552616997310559	0.000999316125406591	5.27412148499769e-16	3.51116682277221e-24	0.00181661301582738	0.00143041154328907	4.09417952785113e-08	9.71077073410272e-23
04110	0.0113814880050911	0.00875940504793188	0.0447781688659242	NA	NA	0.00729680082290764	4.76445608546452e-06	7.33432925786598e-22	0.00181661301582738	0.00143041154328907	0.0047712439142599	1.38656341930155e-11
04744	NA	NA	NA	NA	NA	0.0159097427989118	0.00882310885386305	2.6529166557946e-17	0.00650101716548925	0.00280751077980785	0.00958504348786666	1.88359606480357e-10
03030	NA	NA	NA	NA	NA	NA	0.022205778368752	1.42235791199611e-16	0.0120107824955738	0.00444673267167527	0.00958504348786666	2.67358837931315e-06
04514	NA	NA	NA	NA	NA	NA	0.0257235490192508	1.42435623392119e-16	0.0120107824955738	0.00993985932901471	0.00958504348786666	4.42847386631103e-06
05150	NA	NA	NA	NA	NA	NA	0.0257235490192508	0.000231567135187723	0.0274497846971831	0.0127657660409668	0.00980301772444876	1.19025285481955e-05
05323	NA	NA	NA	NA	NA	NA	NA	0.00069276684237385	0.0291165811495963	0.0127657660409668	0.0133287043388582	0.000378089929174335
05140	NA	NA	NA	NA	NA	NA	NA	0.00224185707519109	0.0291165811495963	0.0150053370289205	0.0133287043388582	0.000378089929174335
04060	NA	NA	NA	NA	NA	NA	NA	0.00312765933035881	0.0299718743267646	0.0154249136665953	0.0141145776991623	0.00105434439155629
05144	NA	NA	NA	NA	NA	NA	NA	0.00590834107725629	0.0299718743267646	0.0154249136665953	0.0146583838934625	0.0014258895196458
04145	NA	NA	NA	NA	NA	NA	NA	0.0178449599954025	0.0435383337755658	0.0154249136665953	0.0146583838934625	0.00148198825639215
05310	NA	NA	NA	NA	NA	NA	NA	0.0207881576758016	NA	0.0154249136665953	0.0146583838934625	0.00148198825639215
05330	NA	NA	NA	NA	NA	NA	NA	0.021116046876005	NA	0.0264167923995559	0.0152871288826435	0.00643891679307677
05145	NA	NA	NA	NA	NA	NA	NA	0.0215567211868297	NA	0.0264167923995559	0.0152871288826435	0.0128733069147702
04710	NA	NA	NA	NA	NA	NA	NA	0.0361644976658387	NA	0.0264167923995559	0.030656772527951	0.0128733069147702
00533	NA	NA	NA	NA	NA	NA	NA	0.044692413677733	NA	0.0264167923995559	0.030656772527951	0.0188809739704356
04670	NA	NA	NA	NA	NA	NA	NA	0.0472250768430405	NA	NA	0.0308124223836282	0.0209111621290122
03010	NA	NA	NA	NA	NA	NA	NA	NA	NA	NA	0.0444665471839682	0.023230515938582
00561	NA	NA	NA	NA	NA	NA	NA	NA	NA	NA	NA	0.0243748631205341
04530	NA	NA	NA	NA	NA	NA	NA	NA	NA	NA	NA	0.0369207053453776
