category	52w VS 8w	104w VS 8w	104w VS 52w
04744	0.00809737753393827	1.32810778866279e-06	0.00165352519862611
05322	0.0187026596228888	0.000653820605077608	0.00257123991256241
04110	0.0219948623149886	0.00344237904222229	0.00799796431332485
04060	0.0275691742856524	0.00714192363561693	0.0154139454290428
04672	0.0450738617065555	0.0111895952149266	0.0158133239050828
05323	0.0450738617065555	0.0111895952149266	0.0498351904596509
04115	0.0450738617065555	0.0163411011721721	NA
05310	NA	0.0166256448512169	NA
05150	NA	0.0166256448512169	NA
04114	NA	0.0166256448512169	NA
04914	NA	0.0166256448512169	NA
05330	NA	0.0176593544196402	NA
05146	NA	0.0176593544196402	NA
04612	NA	0.0329648086329685	NA
