52w VS 8w	104w VS 52w	104w VS 8w
1110008P14Rik	NA	NA	0.723354748297487
1110019D14Rik	NA	NA	-0.763870307117034
1500015A07Rik	NA	NA	-1.53996476632584
1700001C19Rik	0.639879425558999	NA	NA
1700011I03Rik	-0.646932349424169	NA	-1.1438705054666
1700025G04Rik	NA	NA	-0.892275737541662
1700025N23Rik	NA	-1.56838947818988	-1.98919784611113
1700028E10Rik	NA	NA	-0.660942745958255
1700066B19Rik	-0.867077246610198	NA	NA
1700110C19Rik	-0.636266151295133	NA	-1.05828599766933
1700120K04Rik	NA	NA	-1.18893136423475
1810026B05Rik	NA	NA	-0.886276870187715
1810032O08Rik	NA	-1.34286144134639	-1.37044627309647
1810041H14Rik	-0.834334446303133	NA	-0.801130773623419
2010107G23Rik	4.73223125082314	NA	4.98230312372836
2410003L11Rik	-2.14800357146829	NA	-1.712186509508
2410089E03Rik	NA	-0.693796360130894	-0.729038018258418
2500004C02Rik	NA	NA	-0.715989153255107
2510009E07Rik	NA	NA	0.730686865842507
Ccdc191	NA	NA	-0.599077277959089
2610042L04Rik	NA	-0.926741118034632	-0.751821769007619
2610524H06Rik	NA	NA	0.779081761881635
2700046G09Rik	NA	-1.00940338506641	-0.951637804246562
2700097O09Rik	NA	-0.604745896196237	-0.821196339863746
2810417H13Rik	NA	NA	1.12661563245271
2900060B14Rik	-1.18265187156088	NA	-0.801171912708084
2900076A07Rik	NA	-0.718938584234648	NA
3000002C10Rik	NA	-0.745964328773302	-0.852544425882287
3110021N24Rik	NA	NA	-0.596027030538739
3110035E14Rik	NA	-1.52071393491776	-1.45082849252079
3110056K07Rik	NA	NA	-0.646416314133302
4632404H12Rik	NA	NA	-0.727347630785477
4732471J01Rik	NA	NA	-0.973140715217942
4833417C18Rik	NA	NA	-0.634690557298619
Alkbh3os1	NA	-1.18689855710306	NA
4921511I17Rik	3.04875225700597	NA	NA
4930473A02Rik	NA	NA	-0.935332005209593
4930506C21Rik	NA	-1.22386716097376	-1.60651862026616
4930511A08Rik	NA	-2.01640577074321	NA
4930512B01Rik	NA	NA	-1.45161352412901
4930523C07Rik	NA	0.982661247855188	1.0102728973471
4930556M19Rik	NA	NA	2.33358668850493
4930578M01Rik	NA	NA	-1.44054321930144
4930579G18Rik	NA	-1.42875905873322	-1.85400068529133
4930594C11Rik	NA	-0.664206521419822	-0.78800066984649
4931403G20Rik	NA	NA	-1.32861965116519
4933406I18Rik	NA	-0.784484103296898	-0.910066664736985
4933431G14Rik	NA	NA	-1.00905062702538
5033403F01Rik	NA	-2.62046471033793	NA
5430405H02Rik	-0.611326303737411	NA	-0.592218149984125
5430416N02Rik	NA	NA	-1.12704059973661
5530601H04Rik	NA	NA	-0.593475802069554
5730435O14Rik	NA	-1.2189497658706	-1.51908764318556
5730508B09Rik	-0.676675181026435	NA	NA
5830444B04Rik	NA	NA	-0.638078502104494
5830454E08Rik	NA	-1.47357154400151	-1.56528181404969
6330407A03Rik	-0.810641869724803	NA	-1.01444267263087
6330418K02Rik	NA	NA	-0.750720121184881
6530402F18Rik	1.2925261102772	NA	1.24746079750909
8030423J24Rik	NA	NA	-0.890376928894658
8030442B05Rik	NA	NA	-0.655133814327892
9330136K24Rik	1.13873799248822	NA	NA
9330175E14Rik	NA	NA	1.46927679707496
9430060I03Rik	-0.691132883977019	NA	NA
9630028I04Rik	0.86820731796301	NA	NA
Zfp976	NA	NA	-0.947091401657061
9930111J21Rik1	NA	-0.838239367426066	NA
A230056P14Rik	NA	-0.645862161444808	-1.15815724458929
A430035B10Rik	-0.595398003990796	NA	-0.766526246113523
A430078I02Rik	NA	NA	-1.91295946694725
A430105I19Rik	2.39985679493737	NA	NA
A530032D15Rik	2.28423870583061	NA	3.0354943609569
A530064D06Rik	2.89036685443951	NA	2.84413839148231
A630033H20Rik	NA	NA	-0.626771538968548
A630089N07Rik	-0.656699077019575	NA	-1.08942247100564
A930013F10Rik	NA	NA	-1.17323785629502
A930024E05Rik	NA	NA	-0.668712047206078
AA467197	NA	3.13532978291326	NA
AB124611	NA	0.679766218756132	0.739894837088579
AF529169	3.00689103780164	NA	4.01879498815656
AI504432	NA	NA	0.957999939324428
AI593442	NA	NA	3.9587151569044
Ifi207	1.16700138920951	1.25141651647028	2.4184179056798
AW112010	NA	NA	0.976513786606432
AW822252	NA	NA	-1.91721355891708
Aatk	1.07767035843972	NA	0.948170585995685
Abca2	NA	NA	0.694234883060634
Abca5	1.83927833940279	NA	2.75845220976015
Abca6	NA	NA	2.57297432828319
Abca7	0.711641116743732	NA	0.87464265582776
Abcc1	NA	NA	0.586159065320139
Abcc9	4.38831428621051	NA	3.5514863815068
Abl2	NA	NA	-0.671038623407225
Ablim1	1.24351476478976	NA	0.9180435158213
Ablim2	2.46685925999988	NA	2.00718645957009
Ace	NA	NA	4.33345919043386
Ache	0.892634426982276	NA	0.983371338203286
Ackr3	NA	-1.17706100419891	-1.62337204781023
Acot11	NA	NA	1.19152740735236
Acrbp	-0.839873761220065	NA	-1.57584736597371
Acsf2	0.766660636658442	NA	0.727533993473388
Acta2	NA	NA	-1.14592218783389
Actn1	0.735328037638751	NA	NA
Actr3b	1.45497254518477	1.70483997462139	3.15981251980616
Adam22	1.29183410577205	NA	1.34107212416375
Adam3	NA	NA	-0.783173840725639
Adam4	NA	NA	-2.58220539354838
Adam8	NA	1.77166477057284	1.97655750775628
Adamts10	NA	NA	-0.803628337221245
Adamts16	NA	NA	-0.662498253339173
Adamts4	NA	-2.52736478581581	NA
Adamtsl2	0.746948941436792	NA	NA
Adap1	NA	NA	0.709549089437823
Adcy1	NA	-3.23049809478283	NA
Adcy8	1.42391578344767	NA	1.11141029619538
Adgre5	NA	NA	3.19501873780963
Adgrv1	-2.75704560510039	NA	NA
Adhfe1	NA	NA	-0.864514121696951
Adora1	NA	NA	1.25107844828989
Adssl1	NA	NA	0.690800212953458
Adtrp	-0.598524894738109	NA	-0.979964819399119
Agap1	NA	-0.661429326330129	-0.636626052280206
Agpat4	NA	NA	0.599281935091888
Agtpbp1	NA	NA	0.646203455806852
Ahnak	NA	2.44192685852083	NA
Ahsa2	-0.592125542702021	NA	-0.651850799960099
Aifm2	NA	NA	1.85522445017847
Ak4	NA	NA	4.86145845302778
Akap1	0.672064297258989	NA	1.05163632360111
Akap5	NA	NA	-0.745791645422991
Akap9	NA	NA	-0.634484016092139
Akt3	0.684720352322602	NA	NA
Alas2	NA	2.57904846126119	NA
Alb	NA	-2.30194534756589	-2.59331345338299
Alcam	NA	3.21656267895303	2.81097175861821
Aldh1a1	4.15586186211883	NA	NA
Aldh1a3	NA	-1.98116964986674	NA
Aldh1b1	0.938925597349336	NA	1.33619123545225
Aldh1l1	2.41574195226045	NA	3.62635426154154
Aldoc	0.736166890566548	NA	NA
Alg13	NA	NA	-0.771057462937718
Alox5	NA	NA	0.768520619749909
Aloxe3	1.91341258778239	NA	NA
Amica1	NA	NA	5.51891504777802
Amotl1	0.884185743372047	NA	0.870382292263923
Angptl3	NA	NA	-0.944981066852449
Angptl7	0.847546578090047	NA	0.904323187535973
Ank1	NA	-2.01092830474678	NA
Ankrd12	NA	NA	-0.661365830805317
Ankrd16	NA	NA	-0.701799435359093
Ankrd23	NA	-1.59721041349717	-1.15924307087351
Anks1b	2.58163882025767	NA	2.29650955878618
Anks3	NA	-0.630607278028875	-0.80442982839882
Anln	NA	NA	1.53844972144343
Ano7	NA	-0.753827579321627	NA
Anxa11	0.69560947116584	NA	0.609037389917676
Anxa2	0.798068012084755	1.26568835635196	2.06375636843671
Anxa5	0.83007106834121	NA	1.39557242275368
Ap4m1	NA	NA	-0.743323027010497
Apbb1	1.04901806176237	NA	1.33110437658843
Apc	NA	NA	-0.63077598586633
Apoa2	-2.61097117483588	NA	NA
Apoc1	NA	2.15322734723654	1.94255911557506
Apoc4	NA	3.45717125378981	3.88551753412515
Apoe	NA	1.59092485861254	1.42429638974859
Apold1	NA	NA	-3.42312925235022
Arg2	NA	NA	-1.84522582507077
Arglu1	NA	NA	-0.662115414468568
Arhgap15	1.45393078889513	0.790357946402864	2.24428873529799
Arhgap27os3	NA	-0.884757436579398	NA
Arhgap32	NA	-0.725904224627763	-1.00300831307595
Arhgap44	-2.22109023978018	NA	NA
Arhgap6	NA	NA	2.58792232445396
Arhgef12	NA	NA	-0.658311795421079
Arhgef25	0.905109331415597	NA	NA
Arl5c	0.783979240547305	NA	NA
Arsg	0.692871574381846	NA	0.948276514172474
Arxes2	NA	NA	-3.48249435718926
Asah2	NA	NA	-1.00321809800053
Asb4	NA	NA	-3.79995042546221
Asns	NA	1.09135476664293	NA
Aspm	5.36896910690499	NA	4.63915949186343
Atad2b	NA	NA	-0.617264528286125
Pgghg	0.660349754501707	NA	NA
Atm	NA	NA	-0.664306633304772
Atp10a	NA	NA	2.21020273949683
Atp10b	1.108643372802	0.748001899375038	1.85664527217704
Atp1a3	1.24024650312578	0.776742082953576	2.01698858607935
Atp2a3	NA	NA	0.937036541685166
Atp6v1c2	NA	NA	-1.47536485430617
Atp6v1g2	NA	NA	-0.64964091732801
Atp7b	2.6211233945182	NA	3.20749723390947
Atrx	NA	NA	-0.89565590154949
Atxn1	NA	NA	-0.592321948344079
Aurka	0.783062369442506	NA	0.966006981329249
Aurkb	NA	NA	1.32677693216623
Avpi1	0.955581706037459	NA	1.13032894691892
Avpr2	NA	NA	-1.97046759762846
Axl	0.82585558672645	1.85131029900812	2.67716588573457
B130006D01Rik	NA	NA	-0.805333110661812
B3gnt3	NA	NA	-1.4285401470943
B3gnt7	0.626342298177104	0.684699377435718	1.31104167561282
B3gnt8	0.837015920883215	NA	1.39856135818285
B430306N03Rik	0.832801343414916	NA	1.32428891316257
B4galnt1	NA	NA	0.593830551172458
B4galnt2	NA	NA	-1.8054241774648
B630019K06Rik	NA	1.56510952118255	2.11055762932185
B930059L03Rik	-1.08073923756241	NA	NA
B9d1	NA	NA	-1.01642760566811
BC020402	NA	NA	-0.852041296666157
BC030867	3.4241567428923	NA	3.31144666527088
BC037704	NA	-0.715906276008415	-0.742424398757725
BC048403	0.739224753892048	NA	0.726312270794246
BC064078	NA	NA	1.51347677613495
BC065397	NA	NA	-1.0268907490969
Bach1	NA	NA	-0.688993939989199
Bag2	-0.820246569970416	NA	-0.705728629053617
Batf2	NA	NA	0.739748466890626
Baz2a	NA	NA	-0.618754987335954
Baz2b	NA	-0.591179245701087	-0.72969765168644
Bbs12	0.784016324353674	NA	NA
Bcan	3.63541015483693	NA	NA
Bcas3os1	NA	NA	-1.60175879991406
Bcl2a1a	NA	NA	0.803874788446334
Bcl2a1d	NA	0.81442554343249	0.610574087816252
Bcl2l14	3.18137289383135	NA	3.05645266189926
Bcl3	NA	NA	0.895407840411145
Bdp1	NA	NA	-0.760612635493883
Bex6	NA	NA	-3.6566075798811
Bhlhe40	1.08951366394163	2.00186295775546	3.09137662169709
Birc5	2.07401318745328	NA	1.72246724577628
Birc6	NA	NA	-0.671239743092027
Bmi1	NA	NA	0.657144963093894
Bmp1	-0.864305479564041	-0.797996855498019	-1.66230233506206
Bnc2	2.47618168134479	NA	3.64324393414863
Bod1l	NA	NA	-0.792781358421953
Bptf	NA	NA	-0.78419293294571
Brca1	3.21929836209424	NA	2.33891822143817
Brca2	NA	-0.743557980221442	-0.63074477261571
Brdt	NA	NA	-1.54475555660328
Btbd11	2.77382550669614	NA	2.80306944514245
Bub1	2.8684572636103	NA	2.69166813929377
Bub1b	1.22365535773383	NA	NA
Bzrap1	-2.41813655739699	NA	NA
C030013C21Rik	NA	NA	-2.6789238109787
C130026I21Rik	1.39029045421715	NA	NA
C130046K22Rik	NA	-0.629371396108199	NA
C1qtnf7	NA	NA	2.59857689936685
C3	NA	2.58634193499718	3.08878713073171
C430049B03Rik	-1.23406302037335	NA	-1.06461098250379
C4b	1.94733975754883	1.07900889368274	3.02634865123157
C5ar1	NA	NA	0.686298059391415
C920009B18Rik	NA	NA	1.94062436355401
H2-T-ps	1.06750564716685	NA	1.35495656897889
Cacna1f	0.865418455635159	NA	NA
Cacna1s	0.892168742887214	NA	1.0637194447921
Cacna2d3	NA	NA	2.31760736293481
Cacnb3	NA	-4.07713332526664	NA
Cadps2	NA	-2.43318019666058	-2.10368908958525
Camk2a	0.765455817104496	NA	NA
Camk2g	NA	-0.628656539989894	NA
Camp	5.24217301901619	NA	7.39924729664697
Capg	NA	0.680556656830571	1.21897021194292
Capn1	NA	NA	0.699541365986903
Capns2	NA	-1.1774377283532	-1.67364986383145
Car11	1.45004827237294	NA	0.969356230301276
Car2	1.9767594064592	NA	NA
Caskin1	NA	-2.01365305635281	-1.8969864761584
Casp8ap2	NA	NA	-0.720921928581498
Catip	-0.679388548865637	NA	-0.600051444051817
Cav1	NA	0.982265105725053	1.69597292627403
Cav2	NA	NA	0.612354837037914
Cbr2	NA	1.57030960151114	0.972533159017815
Ccdc109b	NA	1.15023441485204	1.25135421642406
Ccdc120	3.64177082639285	NA	3.84378038819777
Ccdc14	NA	NA	0.701552472779145
Ccdc149	NA	NA	-1.3369202401246
Ccdc152	NA	-0.929727064795887	-1.09820315689778
Ccdc34	NA	NA	-0.71424393211619
Ccdc66	NA	NA	-0.805586055933461
Ccdc73	NA	NA	-1.16007113562409
Ccdc77	NA	-0.739954664715746	-0.831340528192192
Ccdc8	NA	NA	-2.05511666543338
Ccdc84	NA	NA	-0.637672996884578
Ccdc85c	NA	-0.834539352312524	NA
Ccl12	NA	NA	0.714630897414032
Ccl3	NA	0.81816719850795	0.768438122237872
Ccl4	NA	1.06545422834433	0.641286715910217
Ccl5	0.914334136947152	0.960272801597025	1.87460693854418
Ccl6	NA	0.60868421608442	NA
Ccl8	NA	4.15456743272678	4.03908309267307
Ccl9	-0.859105998247893	NA	NA
Ccna2	1.74276238561738	NA	2.09200355477191
Ccnb1	3.08809956146896	NA	3.38140800275311
Ccnb2	3.11050644800058	NA	3.57356358926856
Ccnd2	NA	1.92343626433017	2.14658921451445
Ccne1	2.47056628129617	NA	2.77062905901697
Ccnl1	NA	NA	-0.646282619919268
Ccr1	-1.84186920974216	NA	-1.83590213877864
Ccr10	NA	-2.50301320386972	-2.54133903071771
Ccr2	NA	NA	0.741242305285025
Ccr9	NA	-2.22489924275325	NA
Cd101	0.672497309179258	NA	0.696373545934395
Cd151	NA	0.808782484196682	0.67260015279204
Cd163	-2.54584737711353	5.84968354616668	3.30383616905315
Cd177	NA	5.12228302796056	NA
Cd200r4	NA	1.21531053519702	1.66917786368562
Cd22	1.61293105663665	NA	1.93020344190835
Cd244	1.18754617706308	NA	1.72874200196782
Cd274	0.60763115781504	NA	1.12377022652888
Cd300c	NA	NA	-2.82636790387203
Cd300lb	-0.806549532375092	1.50279938427123	0.696249851896141
Cd300ld	1.28285482492784	NA	2.11271876648607
Cd300lf	NA	0.947057600104322	0.984348680474698
Cd34	NA	NA	0.667362219110923
Cd36	NA	2.52341323842339	3.22295925882751
Cd38	NA	4.17358118813112	4.81371093487719
Cd40	3.53013926848089	NA	3.88926662433527
Cd44	NA	1.35311265956745	1.93745715333617
Cd52	NA	0.992356932731719	0.977118545827435
Cd69	2.60985684157224	NA	3.37636105085508
Cd72	NA	1.39757113667622	1.85557576598232
Cd74	NA	1.8287490949682	2.24817606476779
Cd93	NA	2.69147994617057	3.55975364598042
Cdc20	1.28712880953477	NA	1.38928928939052
Cdc42bpa	NA	-0.936489682187732	-0.810188812048034
Cdc42bpb	NA	-0.755150838549857	NA
Cdc42ep1	0.880756089470963	NA	1.0087288587189
Cdc42ep2	NA	NA	0.956789727279214
Cdc42ep3	1.08249651623424	NA	1.3768012575337
Cdca3	2.08317144512452	NA	2.09793378422387
Cdca8	1.05739460075364	NA	NA
Cdh23	0.868864924218224	NA	1.04245368670814
Cdk8	NA	NA	-0.664238234481239
Cdkn1a	NA	0.62065047884942	NA
Cdkn2c	-0.784456263252183	NA	-0.612096199551743
Cdkn3	1.85300064437802	NA	2.27623951479052
Cdr1	NA	NA	-3.07335138029812
Ceacam2	NA	NA	-1.38923708886735
Cecr2	NA	NA	-3.44737442528113
Cecr5	NA	NA	-0.641091976202221
Celf4	0.934038410668038	NA	0.796530215456082
Cenpa	NA	NA	0.804795809008554
Cenpf	1.10430148827804	NA	1.38430464744103
Cenpm	NA	NA	3.04214082059405
Cenpw	NA	NA	-1.30586455846864
Cep112	NA	NA	-1.15505429702666
Cep135	NA	NA	-0.723882454484772
Cep164	NA	NA	-0.777269023342971
Cep170b	2.03951587352896	NA	NA
Cep290	NA	NA	-0.982264525628179
Cep295	NA	NA	-0.649976832514124
Cep350	NA	NA	-0.608275815770034
Cep72	NA	-1.27976318734884	-1.25591057941378
Cep83os	0.618146245569708	NA	NA
Cep95	NA	-0.798467175584201	-0.885661234208819
Cers4	1.16939655768302	0.649680848176063	1.81907740585909
Cers6	-0.638369560830771	NA	NA
Cfhr2	NA	-1.67660885703961	-2.29612015651097
Cgref1	NA	NA	-1.26328729997049
Ch25h	1.8181043790592	3.08059037362821	4.8986947526874
Chad	0.808980948140274	NA	0.821386162802996
Chaf1b	1.294451939322	NA	NA
Chchd10	NA	NA	0.872004726701061
Chd3	NA	NA	-0.943209570316657
Chd6	NA	NA	-0.631385492097859
Chd9	NA	-0.621873744111723	-0.895743690450886
Chek1	3.8275422487578	NA	4.84312761910744
Chic1	2.03699593010455	NA	2.76032556549679
Chil3	-6.99247578911095	8.19226896201095	NA
Chkb	NA	NA	-0.805265509893469
Chrnb1	-1.28200003640998	NA	NA
Chst1	1.80683448206185	NA	1.96435658841699
Chst2	1.55351883450392	1.17823481044906	2.73175364495298
Chst8	1.3169430045047	NA	1.40872308626043
Cirbp	0.784924187805831	NA	0.720373798614723
Ckap2	2.75882070010524	NA	3.12059738559628
Clasrp	NA	-0.652869069444025	NA
Cldn1	NA	NA	3.29292365539693
Cldn12	NA	NA	1.02743064968733
Clec10a	-4.16624613488486	4.22547010024199	NA
Clec11a	3.4379189745954	NA	3.18961151458154
Clec12a	NA	3.87822797092539	5.45934293749165
Clec1a	1.52202564187369	NA	2.11151656301629
Clec1b	NA	NA	0.873824152581413
Clec2d	NA	NA	-1.25420601559041
Clec7a	NA	1.21765832631322	1.53991485753285
Clic4	NA	0.877214537367429	0.665764021446035
Clk1	NA	-0.721063690785217	-0.848592743689614
Clk4	NA	-0.613201732259164	-0.794439904017719
Clu	1.96326865136552	NA	NA
Cmpk2	0.764515933123248	NA	1.29132289260812
Cmya5	NA	-1.14606635244219	-1.0090927120449
Cnr2	NA	NA	0.630183770062433
Cntln	NA	NA	-0.993317810115281
Cntrl	NA	-0.727898450436634	-1.06931601876458
Col14a1	NA	NA	1.49232392412906
Col27a1	NA	-0.698129934617228	-0.850021145103564
Col5a1	3.02400222157538	NA	3.16996146709537
Col6a3	1.53697964935885	NA	1.53295761113304
Colec12	NA	5.82956888783232	4.26282956649948
Coro1c	NA	NA	0.593479932357563
Coro2a	0.69132111410427	NA	0.681612984722482
Cox6a2	NA	1.44457542058023	1.86491410239428
Cp	NA	2.0265015538348	2.5271016485772
Cpd	NA	0.754272238106492	NA
Cpe	1.48936300193865	NA	NA
Cpeb1	NA	1.92415011111917	3.46840248244619
Cpne2	1.42352324970832	NA	1.6922682618058
Cpq	-0.806187372419739	0.826812108575542	NA
Creb3l1	0.719281328436574	NA	0.962791408356167
Crebl2	0.803374104238004	NA	0.727387135598986
Crip1	NA	1.19837856015836	1.11283596475056
Crlf2	0.883358849192017	1.01722975395312	1.90058860314513
Crnde	NA	NA	-3.62517399789185
Cry1	NA	0.628789012286173	NA
Csf1	NA	0.663245697956065	0.942743145549108
Csf2ra	NA	NA	0.689337586088195
Cspg4	2.24736499060386	3.37568129250852	5.62304628311238
Csrp1	0.78488081477064	NA	1.13627067394666
Cst7	NA	1.2176130324833	1.62301948947074
Ctla2b	NA	NA	0.717648365671469
Ctse	1.88678061725661	1.41367275178024	3.30045336903685
Cul7	NA	-0.596375496501256	NA
Cxcl10	NA	NA	1.47038349032336
Cxcl12	-3.40800581097158	NA	-3.35396778860273
Cxcl13	4.5100963751775	2.43670116054618	6.94679753572368
Cxcl14	NA	3.59097842173123	4.56333306053838
Cxcl16	NA	NA	0.677518291139777
Cxcl9	NA	NA	2.93171569818076
Cxcr4	NA	3.27670687382809	3.86859343159709
Cxcr6	NA	NA	-3.00333991261253
Cybb	1.13888602374366	2.04160214077845	3.1804881645221
Cyp39a1	1.4191689474509	NA	NA
Cyp4f16	NA	NA	1.06171755005228
Cyp4f18	1.72593745418078	1.35663992188364	3.08257737606443
Cytip	0.686318905938565	NA	0.764959232768209
D130020L05Rik	NA	-0.683510599531343	-1.00235257950796
D16Ertd472e	NA	NA	0.602895815553015
D330050I16Rik	NA	NA	-1.01239185856576
D5Ertd605e	0.60658020883249	NA	0.5967734525191
D630023F18Rik	NA	NA	3.01004370256732
D630045J12Rik	NA	-0.756047878073357	-0.891946569779336
D830031N03Rik	NA	-1.3427031210627	-1.75545388717414
D930016D06Rik	NA	NA	-1.09492964549532
Daam1	NA	NA	0.65873486146548
Dalrd3	NA	-0.713397066823406	NA
Dand5	NA	NA	-0.688177948112328
Dcaf6	NA	NA	-0.607091277082096
Dcbld1	-3.6544095279868	NA	NA
Ddo	NA	NA	3.34130636243822
Ddx17	NA	NA	-0.689818708601444
Ddx23	NA	NA	-1.22010966766662
Ddx3y	NA	2.10902152422728	2.24587277526578
Ddx43	NA	-0.949896898492978	NA
Degs2	NA	-1.04716409790517	-1.47608949893195
Dennd3	NA	NA	1.21257053601441
Dfna5	0.682582248261461	NA	NA
Dgat2	NA	NA	2.04900792247388
Dgke	0.648918877210327	NA	0.803975920066457
Dhcr24	NA	3.22507405493329	NA
Dhx9	NA	NA	-0.840289418393423
Dip2a	NA	NA	-0.791771256883514
Dkk2	NA	NA	4.80790914152589
Dlc1	NA	NA	-0.888984726627442
Dleu2	-0.699938531879407	NA	-0.820664163122591
Dlg4	NA	-1.19455922046831	NA
Dlg5	5.43982879595487	NA	5.95381711890548
Dlgap5	2.5267470938457	NA	2.68539021100015
Dmrt2	NA	NA	4.88589649743105
Dmrtb1	-1.24596136116491	NA	NA
Dmxl2	NA	-0.660631324788317	-0.690163537635169
Dnaaf3	0.775216020721615	NA	0.611715565931856
Dnaja1	-0.714934497221881	NA	NA
Dnajb13	NA	NA	-1.15279056974654
Dnajb5	0.604866487272874	NA	NA
Dnase1l1	NA	NA	0.734898376693773
Dnase1l2	NA	-3.06155633875753	-3.23049103690685
Dnase1l3	2.7236575182547	NA	3.69634624080049
Dnmt3a	NA	NA	-0.626391418192631
Dnmt3aos	NA	NA	-2.80426721140342
Dpp7	NA	NA	0.622503486023339
Dpysl5	2.71279216281824	NA	3.3383216217004
Dqx1	NA	-2.90318456246276	-3.8106860754963
Dtl	3.21320797575075	NA	3.73887580058049
Dtx3	0.613441276242691	NA	NA
Duoxa1	0.843562641891456	NA	NA
Dync2li1	NA	NA	-0.853770479051182
Dynll2	NA	NA	-0.68110030651168
E030030I06Rik	NA	NA	-1.71969562137885
E130102H24Rik	NA	-0.895036665531386	NA
E2f1	NA	0.862678112094668	0.906433142882605
E2f7	3.0321496001137	NA	NA
E2f8	NA	NA	2.50651982174229
E330020D12Rik	-0.773943413172826	NA	-1.23567575437092
E330033B04Rik	-0.630886238047775	NA	NA
Ece1	NA	NA	0.586020341182857
Ednrb	-1.58864619769672	NA	-1.59534608314912
Eea1	NA	NA	-0.600841689256936
Efcab7	NA	NA	-0.994974142753253
Efna1	1.93092139357201	NA	2.0872051047661
Efna2	2.87450567432604	NA	3.23638112712811
Efnb2	NA	NA	0.737636681110903
Efr3b	2.84661969368164	NA	3.66483377319306
Egfl7	NA	NA	-1.50028324944538
Egfl8	NA	-1.64891893622201	-1.43486687421425
Egln3	1.14072943528387	1.06712938236073	2.2078588176446
Egr1	-0.847887035365182	0.671130145018642	NA
Egr3	-1.68056618754235	NA	NA
Ehbp1	0.752778941053408	NA	NA
Ehd1	NA	1.31118924378667	2.24421696798828
Ehf	NA	NA	3.94871136523455
Eif2s3y	NA	1.35252778011581	1.26367603806296
Eif4a2	NA	NA	-0.740261565336276
Elavl4	-1.01409179010044	-0.640555567910146	-1.65464735801059
Elovl2	NA	NA	3.80566661870375
Emc1	NA	NA	0.586979458938445
Eme1	2.27987691363378	NA	NA
Emilin1	-1.69129868341947	NA	-1.26303925770869
Emilin2	NA	3.79972436383094	2.99439834528294
Eml2	2.50646768118419	NA	2.5361093199574
Emp2	3.17184213709699	NA	3.29976044476716
Enpp2	2.67804967105271	NA	2.26371783475383
Epb41l1	1.39220383883475	NA	1.18569645445573
Epb41l3	0.937641151106771	NA	0.965424207795257
Epha1	NA	NA	-0.96203464441835
Ephx1	NA	0.59969311804901	0.587263108746401
Epor	-1.32373674755356	NA	-1.37768170464622
Erdr1	NA	-0.922846662284891	NA
Erp27	-1.4190313382704	NA	NA
Esco2	2.91650608953323	NA	2.23006495243318
Espn	0.931587752714377	NA	0.789353897633421
Esrp2	NA	NA	-3.23739358418178
Etl4	NA	4.28950398066883	4.22112764272717
Etohd2	NA	NA	-0.679883047940306
Etv4	3.8471635926349	NA	3.83122691249108
Ezh2	-0.605133895667367	NA	NA
Ezr	NA	0.687232423316119	0.773536302237778
F13a1	NA	3.10944174249106	2.11256728253713
F3	1.00266055563292	NA	1.07356115755295
F630206G17Rik	-2.45503158862199	NA	NA
F730043M19Rik	NA	NA	-1.85508397012319
F830016B08Rik	3.10754225676998	NA	2.7199360918756
Fabp3	NA	0.982969520778903	NA
Fabp5	NA	2.02918949934511	1.39416644547884
Fads2	2.60439320484877	NA	3.02702648863117
Fam129a	0.679933571875076	NA	0.610966773946238
Fam129b	NA	NA	0.761219621883205
Fam149a	NA	NA	0.624143242604374
Fam193b	NA	-0.617408039991195	NA
Fam196b	NA	NA	-1.09651916828748
Fam20c	1.06910648909707	1.21045464513321	2.27956113423028
Fam210a	NA	NA	-0.589203218709021
Fam217b	0.643162598943063	NA	NA
Fam43a	NA	NA	0.65214080506921
Fam49a	NA	NA	0.64079448884953
Fam64a	2.85374431154184	NA	3.20293883117627
Fam69b	0.804945702994116	NA	0.831608389916228
Fam83d	4.30104416812288	NA	4.17899270886643
Fam89a	0.842355479405047	NA	NA
Fancb	NA	NA	0.882877878303027
Fanci	NA	NA	1.53107476996227
Far2	NA	NA	-1.09965212998929
Fat3	-0.696405178555784	-0.644065911479137	-1.34047109003492
Fblim1	0.678136344780446	NA	0.667644374908125
Fbxo17	NA	NA	0.656170620173179
Fbxo36	NA	-0.615243854819948	NA
Fbxo47	NA	-1.65176240026673	NA
Fcgr4	NA	NA	0.836760546211497
Fcnb	13.6184454924431	NA	10.9751185151206
Fcrls	NA	NA	-0.667646383241673
Fez1	2.75904716169259	NA	2.461632642541
Fgf13	-0.898156234099019	NA	-0.811475232905688
Fgl2	1.15999581437009	0.764018562475542	1.92401437684564
Fgr	NA	1.20085905147487	1.20815567066352
Fhl3	NA	-0.699154042241033	-0.905042717809889
Fhod1	NA	-0.81820223020363	-0.898266692080441
Fignl1	1.08389107582455	NA	1.27473282044417
Firre	NA	-0.655011562603732	NA
Fjx1	NA	NA	2.8366190437307
Fkbp5	NA	NA	0.610457088472304
Flot2	NA	NA	0.798811248949988
Flt1	1.77309540180577	2.39350698653535	4.16660238834112
Fn1	2.53867172788952	2.12772219782187	4.66639392571139
Fn3krp	NA	-1.01929608529896	-0.70248945252174
Fnbp1l	-0.682398517411587	NA	-0.794238015703278
Fnbp4	NA	-0.680507681799521	-0.721547418919504
Fndc7	NA	-1.44121656214154	NA
Fos	-2.00485824218572	NA	-1.95331528892997
Fosl2	0.590189702222928	NA	0.878024977982658
Foxd2os	NA	NA	2.59132974604046
Foxm1	1.41788494199297	NA	NA
Foxn2	NA	NA	0.589994478156075
Frs3os	NA	-2.78070730784866	NA
Fry	NA	NA	-0.624981410984185
Fus	NA	-0.910657013178648	NA
Fut4	NA	NA	0.653275020378865
Fxyd5	0.669059294405601	1.31392929903451	1.98298859344011
Fyn	-0.741316245488795	NA	-1.07147126486985
Fzd8	0.904768711988732	0.63322942851458	1.53799814050331
Mfsd4b3	NA	NA	1.95896724924678
Gabrr2	NA	NA	-2.59132714947869
Gadd45g	-0.929496016506286	NA	-1.15666287029854
Galc	NA	NA	0.832825602611641
Galnt16	0.961111442928988	NA	NA
Galnt6	NA	NA	0.76950017402802
Galnt9	NA	NA	3.14159648880465
Gas7	NA	2.62147919964938	1.27029488799837
Gata2	2.51062205986239	NA	2.45290030692315
Gatad2b	NA	NA	-0.640689313031129
Gbp2	NA	NA	0.692256116910905
Gbp5	NA	-0.702042295966515	-0.63844801883795
Gca	NA	NA	0.637151963532314
Gcnt2	0.970352819886424	NA	1.22256916114932
Gda	NA	NA	4.78350828932891
Gfap	2.97991087328331	NA	4.07143582495973
Ggnbp2os	NA	NA	-0.598018690270903
Ghr	2.66130205420527	NA	3.04132522504827
Gja1	2.89009606783236	NA	4.31933469102271
Glb1l2	NA	NA	2.81036246144712
Gm10336	NA	NA	-0.758628690136281
Gm10578	NA	-1.68282907074411	-1.88007871995501
Gm11110	NA	NA	2.14152445740882
Gm11423	NA	-1.00020392630993	-0.811864425785509
Gm11837	2.38507982973956	NA	3.25933698724778
Gm12250	NA	NA	0.771862941200033
Gm13031	NA	NA	-1.17946190800592
Gm13293	NA	-1.79935779282042	-2.78285141484355
Gm13710	-1.60706190760394	NA	-2.14731596140127
Gm13889	-0.918536071077373	NA	-1.08081522534256
Gm14023	NA	NA	-0.681949906906045
Zfp970	NA	-1.01119374013237	-0.795924302511706
Gm15417	NA	NA	-0.705414702569366
Gm15446	NA	NA	-0.79641552579828
Gm15800	NA	NA	-0.691004979327025
Gm15850	-0.980880021341954	NA	-0.942721011607269
Gm15880	0.969733200150323	NA	0.91641153230138
Gm15908	NA	NA	0.848101550157426
Gm16023	NA	NA	-0.592938023089799
Gm16617	NA	NA	-0.597724527785248
Gm16702	0.649468461288728	NA	NA
Gm1673	NA	1.13701843415161	1.00118204110551
Gm16973	NA	NA	-1.12627705954118
Gm16998	NA	NA	-2.8815798925424
Gm17066	NA	NA	-0.624933858597684
Gm19522	NA	-1.74008971390008	-1.86632518450227
Gm20199	NA	NA	-0.661054749973005
Gm20257	NA	-1.42382689260605	-0.894374751485684
Gm20605	NA	-1.28287380330271	-1.22954638385833
Gm29811	NA	NA	-0.996911807810781
Gm3002	NA	NA	-1.05648195417009
Supt4b	NA	NA	-0.852445488069071
Gm3414	NA	NA	-0.666689811957682
Gm3558	NA	-1.36018363348792	-1.89937680770794
Gm3636	NA	NA	-0.696139209800931
Gm3716	NA	-0.955499520579803	-1.20894715176577
Gm38426	NA	NA	-1.83864345734884
Gm4787	NA	-2.41415195163825	-3.20031049311004
Gm4925	NA	NA	1.59157662732309
Gm4951	0.687093011115366	0.732612308870773	1.41970531998614
Tpbgl	NA	NA	0.594408030676008
Gm5134	1.08890542765563	NA	0.99103251665807
Gm5547	NA	-0.826142998458085	NA
Gm6297	NA	-2.3458886513124	-2.87592994267561
Gm684	-3.10691532346008	NA	-3.56506332704517
Gm7694	NA	-0.791028671850684	-0.750402174242032
Gm9958	NA	NA	-1.21773535057626
Gm996	0.836760737288677	NA	NA
Gnao1	NA	NA	1.82092595093114
Gnat1	-4.71003692347115	NA	-4.61015871165401
Gnaz	1.33823882221448	NA	1.30007317135469
Gnptab	NA	NA	0.629916695859873
Gon4l	NA	-0.66685229893574	NA
Gp1ba	NA	-2.15229811787911	-2.8558691478768
Gpc1	3.85832629211556	NA	5.36028676572741
Gpc2	NA	NA	-0.8790287514636
Gpc4	NA	2.03754356478163	3.89738472536501
Gpd1	NA	NA	0.998310557554089
Gper1	NA	-2.42714499910048	NA
Gpm6a	1.93948931457412	NA	1.97782883386168
Gpm6b	NA	NA	-0.758986045163601
Gpnmb	NA	3.37841103490502	5.65253238107247
Gpr137c	NA	NA	-2.31576506780884
Gpr162	NA	0.682565898062743	1.03626009288774
Gpr165	-2.00337841413437	NA	-1.96342034751715
Gpr18	NA	1.6354623221379	1.7539189624928
Gpr65	1.17279872642472	0.809810269236775	1.98260899566149
Gpr84	NA	NA	0.803322563935712
Gprc5c	NA	-9.93176040157383	-9.31604907273176
Gpx3	NA	3.21296583121743	2.86298607824555
Gpx7	1.81080471886455	NA	2.48844906761959
Gramd1a	NA	-0.660374914003813	-0.591885215368977
Gramd1b	NA	NA	0.63867388605165
Grip2	NA	NA	-2.90273250746462
Grk4	NA	NA	-1.26918549823707
Grrp1	-2.04261793909861	NA	NA
Gsn	1.04885386794651	NA	1.38627586394742
Gspt2	-1.94511050122407	-1.89112671300565	-3.83623721422973
Gstk1	NA	NA	0.634458098337093
Gstm1	NA	NA	0.854732149221269
Gsto1	NA	NA	0.629489691953421
Gstt3	0.75594357606453	NA	1.06318132188266
Gt(ROSA)26Sor	NA	NA	-0.728604416526798
Gtf2ird1	0.672391809276915	NA	NA
Gtse1	NA	NA	1.73728499140053
Guca1b	NA	-2.90702936736531	-4.16093418733046
H1fx	2.14868434684876	NA	2.26065260273634
H2-Aa	1.73210348225361	2.70265956468949	4.4347630469431
H2-Ab1	0.883036989550373	1.56337543589798	2.44641242544836
H2-D1	NA	NA	1.01033585250663
H2-Eb1	1.84455267280667	2.56973982184322	4.4142924946499
H2-K1	NA	NA	0.725845360286618
H2-K2	NA	-1.20859367300403	NA
H2-M2	NA	NA	3.11624913824507
H2-M3	NA	NA	0.608317890827738
H2-Ob	NA	NA	0.60981837811321
H2-Q5	NA	NA	1.36172306855915
H2-T22	NA	1.08390162665881	NA
H2afy3	NA	-2.12813454322664	NA
H6pd	NA	NA	0.679398257670846
Haao	1.03639102801609	NA	1.44812398261223
Hacd1	-0.596170764392814	NA	NA
Hap1	1.70063498109169	NA	1.91589582239361
Has3	NA	NA	-2.79399557003563
Hbegf	NA	NA	-0.777326599429057
Hcar1	3.11213299613902	NA	3.91109559299541
Hcar2	1.89916458154579	1.20503967181019	3.10420425335599
Hcst	-0.622301341893063	NA	NA
Hdac9	-0.602904922415366	NA	NA
Hebp1	0.708972164613728	NA	1.06424982917933
Hectd2	1.87026175582271	NA	1.83042040092364
Helz2	NA	NA	1.76893527733289
Herc3	1.11025388449135	NA	NA
Hgf	NA	NA	0.820860063023654
Hgsnat	NA	NA	0.593373093244294
Hhat	NA	0.788849052220543	0.821525120430811
Hist1h1c	NA	NA	-0.666902267044928
Hist1h1d	-1.90379302533554	-2.01708678995148	-3.92087981528702
Hist1h1e	-0.947013328447282	-0.724068344928723	-1.67108167337601
Hist1h2ac	-1.31804180103637	NA	-2.60789972366492
Hist1h2ad	NA	NA	-4.00395123288195
Hist1h2ae	NA	-1.16540724711606	-1.72771335962143
Hist1h2bc	NA	NA	-0.792972237950575
Hist1h2be	-0.990523526907437	-0.884309215448928	-1.87483274235637
Hist1h2bf	NA	NA	-2.2803037052275
Hist1h2bg	NA	-1.47200558547441	-1.90274313002449
Hist1h3a	NA	-2.51543760933764	-3.2541061715953
Hist1h3d	NA	-1.98125415729953	-2.92023263312595
Hist1h3e	NA	-1.9714663729931	-2.92331320909975
Hist1h4c	-1.12785991483799	NA	-1.71021184713759
Hist1h4d	-0.771196053268927	NA	-0.983322604279607
Hist1h4i	NA	-0.992090609003801	-1.74889447600068
Hist2h2bb	NA	NA	-2.05763320585457
Hist2h2be	-0.827729510620245	NA	-0.661100799192362
Hist2h4	-1.81993544822437	NA	-2.6427327737514
Hist3h2ba	-1.52198874643231	NA	-2.59494714213261
Hist4h4	-1.61856461764344	NA	-2.61305059553615
Hlcs	0.81645738516593	NA	0.964938583285177
Hlf	0.794647827046311	NA	1.27663381625347
Hmgn3	1.34436693346722	NA	1.75019469374267
Hmmr	2.4003919789799	NA	2.60188593455243
Hnrnpa1	NA	NA	-0.663624346923747
Hnrnpdl	NA	-0.59753790464965	NA
Hnrnph1	NA	NA	-0.625855403686606
Hp	NA	-7.0347578347797	-5.64129241043318
Hpse	NA	2.80035850841067	NA
Hs3st2	NA	NA	-2.26778578536042
Hs3st3a1	NA	NA	5.27965207829302
Hs3st3b1	0.713334840140435	NA	1.2060898819784
Hsf2	NA	NA	-0.604635816937253
Hsp90ab1	NA	NA	-0.593278151564872
Hspa12a	1.10281936192326	NA	1.35785474720267
Hspa1a	-2.01010310984826	NA	NA
Hspa1b	-1.98956001500419	NA	NA
Hsph1	-0.723239811554055	NA	NA
Htra3	1.02579448380569	NA	1.28451183545509
Htt	NA	-0.763212273845173	-0.913100687315098
Huwe1	NA	NA	-0.750113060876859
Hyal6	NA	NA	-3.08584300658385
Hyi	NA	NA	0.668833824619531
Ice2	NA	-0.735630733744125	NA
Icos	NA	NA	-2.25106353961982
Ifi203	NA	3.7688755197854	NA
Ifi204	1.16388478193477	0.839783198120922	2.00366798005569
Ifi205	3.15749489632186	NA	3.93433328431032
Ifi27l2a	0.934057192442601	1.35853882365195	2.29259601609455
Ifi44	2.30517525037869	2.25075473201978	4.55592998239847
Ifi47	NA	NA	1.42330699560429
Ifit1	NA	0.650241504208621	1.03836017904457
Ifit2	NA	0.800452491512128	1.3738749816612
Ifit3	0.80911576530357	0.702500025683978	1.51161579098755
Ifit3b	0.904653648955582	0.730330588649508	1.63498423760509
Ifitm2	NA	1.09523896057842	1.61339733663818
Ifitm3	NA	1.3731554497355	1.90677749612006
Ifitm6	NA	NA	2.88238890320571
Igdcc4	2.35013159638044	NA	2.51337338291567
Igf1	-1.95421244227568	2.9314098988316	NA
Igf2bp3	-1.1644032232025	NA	-1.62711882768985
Igf2r	NA	2.52089442041229	NA
Igfbp2	NA	NA	2.52117358430423
Igfbp6	NA	NA	1.29020818035118
Igflr1	NA	-1.89423105341249	-1.50422315210741
Igsf10	-1.2427909332421	NA	-1.90122433637734
Iigp1	NA	1.66389512375841	1.82458070996788
Ikzf2	NA	NA	-0.616851105899615
Il12b	5.79759257311273	NA	5.05061041115239
Il12rb2	NA	0.912212908969822	0.752335355176799
Il18bp	0.836672858702103	0.642421975922717	1.47909483462482
Il1b	NA	NA	0.870925114407386
Il1r1	NA	NA	1.02454333731896
Il1r2	2.94033729757373	NA	3.81337719663806
Il1rn	NA	2.68457160631046	3.19395762312291
Il2rg	NA	1.32010572559704	1.73098682318028
Il3ra	1.07169144942835	0.76051453262633	1.83220598205468
Ildr2	3.63811748270488	NA	3.85118149883044
Impg2	NA	NA	-3.87851548903675
Inca1	NA	NA	-0.875770024931976
Inf2	1.81528782377681	1.47392130937707	3.28920913315388
Ino80d	NA	NA	-0.819962001895085
Inpp4a	NA	-0.631303415301531	NA
Insm2	NA	NA	-3.08155581429129
Insr	NA	NA	-0.682933708891472
Ipcef1	0.747727015969544	NA	0.720331520911099
Iqgap1	0.744735355003491	NA	1.18026353164223
Iqgap3	0.709844129147115	NA	0.633437009851241
Irak3	0.664457220793242	NA	0.757420218328
Irf7	NA	0.711263169274647	1.1962551760683
Acod1	4.14143552480786	NA	5.94928421161997
Irs3	0.797612564060769	NA	0.931791852259226
Isg15	NA	0.656933708305774	0.788942338522803
Ispd	NA	NA	-2.06550220085133
Israa	NA	NA	-1.04829366106755
Itga5	NA	NA	0.617617197978296
Itgal	NA	2.71889218328108	4.63575393272266
Itgax	NA	1.26902663201993	1.68221098015066
Itpr1	NA	-0.597011757185533	-0.683525271434529
Itpr3	0.644328165141014	NA	0.756129815941551
Itprip	NA	NA	1.01248715605895
Jag1	NA	1.67685979275771	NA
Jmjd1c	NA	NA	-0.651660875345655
Jph3	0.699660241402723	NA	NA
Jun	NA	NA	-0.775183411988661
Kat2b	NA	NA	-0.713447337455377
Kat6a	NA	NA	-0.694462146269454
Kat6b	NA	NA	-0.757805694732681
Kbtbd6	NA	NA	2.31349955587251
Kcna3	0.930622573379675	0.600204523901722	1.5308270972814
Kcnc2	-2.48375813810173	NA	-3.84790036780012
Kcnd3	2.68682747599392	NA	3.56674378878771
Kcnh4	2.78050326191568	NA	3.44640069067615
Kcnip3	NA	NA	0.594088003018023
Kcnj10	0.849860753533599	NA	1.08250815904613
Kcnj12	4.59216666364782	NA	4.81783794099956
Kcnj14	-3.72653695378131	NA	-2.82490378058385
Kcnj9	0.946823274054144	NA	NA
Kcnq1ot1	-0.619345269577711	-0.623857992014234	-1.24320326159194
Kcnrg	NA	NA	-0.991757184142124
Kcnt1	NA	NA	4.4408832445283
Kctd17	NA	-1.67876289437206	NA
Kctd3	NA	NA	-0.657222647104037
Kdm3b	NA	NA	-0.634359947511065
Kdm6b	NA	-0.692613816407772	-0.722747366047667
Kif11	3.38840223218116	NA	3.3939074953681
Kif18b	3.00311193191015	NA	3.36248341314789
Kif1a	NA	NA	1.7714794787763
Kif20a	1.2537445704522	NA	1.5890079192647
Kif22	NA	NA	1.29121733097842
Kif23	NA	2.5738192737879	3.79744466937305
Kif2c	1.04845904032034	NA	1.08851065491313
Kif5a	2.09405466233467	NA	NA
Kif9	NA	-0.70235521110787	NA
Kifc2	1.53454460834981	NA	NA
Kl	3.51592120725664	-2.64473440367579	NA
Klf15	0.941030711127419	NA	1.52319851980474
Klf9	NA	0.824114315637151	1.4243211462645
Klhdc8b	-0.593792907125416	NA	-0.989765223717504
Klhl38	NA	NA	0.849491599068026
Klk8	1.02139889245244	NA	0.970023071008499
Klra2	NA	3.10107519601652	4.48441440646928
Klrb1a	NA	4.09023902291569	3.97561743828198
Klrd1	-1.24559952930398	NA	-0.74745166837762
Klrg2	NA	NA	1.07867617088515
Kmt2a	NA	-0.837770748489054	-0.874015950984962
Kmt2b	NA	NA	-0.618655715141707
Kmt2c	NA	NA	-0.638340418222981
Kntc1	1.41443508668521	NA	NA
Krt10	1.67708012279041	NA	1.63238025514277
Krtcap3	NA	-1.58912875856884	-1.77318048976087
Kynu	NA	NA	1.31812598800848
Lag3	0.777044954652347	NA	NA
Lamb2	0.698247771856136	NA	0.894576602492911
Lars2	0.595656052630376	-0.685602981737156	NA
Lat2	NA	NA	0.665359532727279
Lbp	3.223649887923	NA	NA
Lcn2	NA	10.2789206584588	10.8646331531564
Ldlr	NA	NA	1.24877724588816
Lenep	NA	-0.618630542492689	NA
Leng8	NA	-0.630068629581358	NA
Letm2	NA	NA	-0.595616398397559
Lgals1	NA	0.989414289058121	1.13400420885952
Lgals3	NA	1.82503994434436	2.07151934035992
Lgals3bp	NA	0.912364426427401	1.08806115006299
Lgr4	NA	NA	-1.11913869900275
Lhfpl4	1.60057841099497	NA	2.35726986943402
Lilr4b	NA	0.735006905211306	0.767958629688197
Lilrb4a	NA	1.86570873305878	2.30110877421928
Limd1	NA	NA	0.73468562645755
Lime1	NA	-1.45662890235613	-1.61197853704234
Lmna	NA	0.592976888954058	1.13055737907838
Lmtk2	1.14946088403029	NA	1.20705611281153
Lox	1.38627311981934	2.02881575431098	3.41508887413032
Lpar6	NA	NA	-0.728638767680295
Lpcat4	0.868281339618286	NA	1.42226069911298
Lpl	-0.885000984906305	1.78374189057615	0.89874090566985
Plppr4	NA	NA	-0.784764596209483
Lrfn3	0.879034661672686	NA	1.07552367557443
Lrg1	NA	NA	3.73950885379559
Lrguk	2.11137490174578	NA	2.43864478249913
Lrig1	NA	NA	1.58641393928112
Lrp3	3.67634225582124	NA	NA
Lrr1	NA	NA	3.00110329142482
Lrrc14b	NA	NA	1.03977319159484
Lrrc29	NA	-1.04222615757419	NA
Lrrc3	0.60682544638554	NA	0.705749698875765
Lrrc34	NA	NA	-1.93072476330567
Lrrc4	NA	NA	-1.05587561876259
Lrrc45	NA	-0.926812756957502	-0.813880368256171
Lrrc51	NA	NA	-0.644401999191912
Lrriq3	1.39237361106842	NA	NA
Lsm14b	NA	-0.775988773539401	NA
Lsp1	0.890534894282668	NA	1.18495346261842
Ltf	-6.96907772164838	NA	-5.01167015982954
Luc7l3	NA	NA	-0.682219025414487
Luzp1	NA	NA	-0.627137957135796
Ly6a	NA	0.789458986040906	0.769213450662922
Ly6i	1.25469553581622	1.56130590274151	2.81600143855773
Ly6k	2.31802376664609	NA	3.10115199999086
Ly9	1.32864525837211	NA	1.54810356819008
Lynx1	2.74571238230806	NA	NA
Lypd6	0.914811163789919	NA	0.719712066719781
Lysmd2	NA	1.58060022723611	2.38767338023517
Lyve1	-3.50810530641202	4.46301156332125	NA
Lyz1	NA	NA	1.86416278562147
Lyz2	0.748056842687407	NA	0.955783555973453
Lyzl4	-0.764037060819933	NA	-1.10303724639256
M1ap	NA	NA	-0.617713405132127
Macf1	NA	-0.89810010958179	-1.1156419422926
Macrod1	NA	NA	0.586073267994277
Macrod2	NA	1.37474687686685	2.12711845527737
Maff	NA	1.23275751536292	1.36354684844432
Mageh1	2.28886899830418	1.12530696626609	3.41417596457027
Malat1	-1.00675187367083	NA	-0.914949348163546
Mamdc2	-7.84231706566093	13.0449909423085	NA
Maneal	NA	NA	1.0393911756173
Mansc1	0.818496355827165	NA	1.20011198869286
Maob	NA	NA	3.82331494181502
Map3k13	NA	-2.77711414214946	-2.65243336179097
Map3k14	NA	-0.679587783067068	-0.608390197849629
Map3k8	NA	-1.01759082057305	-0.81772853014013
Map9	NA	NA	2.08644458344897
Mapk12	0.737835863681889	NA	NA
Mapk8	NA	NA	-0.716623984207499
Mapk8ip1	0.964339705996336	NA	0.940554879493972
Marf1	NA	-0.710402417637184	-1.05613532891569
Masp1	1.29065847648953	NA	1.70446300519071
Mb21d2	1.60810378844378	0.780813335064249	2.38891712350803
Mboat1	-0.589958441875423	NA	-1.01220890346046
Mcemp1	2.95648271442424	NA	4.16858878962939
Mcm10	3.42824284231174	NA	4.78489951799618
Mcm2	0.799225433244426	NA	1.08136505420573
Mcm5	NA	NA	0.685927428926797
Mdc1	NA	-0.671605036320387	NA
Mdfic	NA	0.834415871934832	1.07442090381713
Mdn1	NA	-0.811657194163782	-1.40145315366388
Med12l	NA	-0.586120968889082	-0.998821277836161
Melk	NA	NA	2.96146806091629
Meox1	3.06861837810421	NA	2.51603723990908
Mfge8	NA	NA	0.779946479942147
Mfsd12	NA	NA	0.615599857378262
Mfsd4a	NA	NA	0.650269543934124
Mga	NA	NA	-0.594175321295611
Mgea5	NA	-0.612103701045718	NA
Mgl2	NA	3.19981361595407	3.77667943625453
Mgst1	NA	2.98942446660856	2.91368170272877
Mical1	0.822261414089262	NA	0.8947064583857
Mical3	NA	-0.774729679340186	-0.768923089259955
Micu3	-0.706184517423901	NA	-1.05534321379379
Miip	NA	-0.591455531328618	NA
Mill2	2.81583073679776	NA	NA
Mipol1	NA	-0.622067911697415	-0.962657379015086
Mir3064	NA	-0.919287319999869	-1.01724241451984
Mir339	NA	-2.00472981553998	-1.91796443499011
Mir6236	0.671926486462412	-0.790681656620606	NA
Mir6240	NA	-3.11915393478262	-2.66192638840497
Mir7086	NA	NA	-1.04001621945499
Mir7115	NA	NA	-1.58200546192497
Mir99ahg	NA	NA	-0.699482077563225
Mki67	2.77814400195028	NA	2.34617619586793
Afdn	2.11536650594547	NA	2.6160904422039
Mlph	0.996540931515155	NA	1.1464782622388
Mmp12	1.64526643723601	2.58121506431635	4.22648150155235
Mmp14	NA	NA	0.681911508286117
Mmp15	NA	NA	-0.896577038964126
Mmp28	NA	-0.701418133193689	-0.626028240226314
Ifi211	1.51383777598276	NA	2.45360321201926
Mndal	NA	3.36925871802828	4.30670996542614
Mpeg1	NA	0.925178078209767	0.627570177913546
Mphosph9	NA	-0.606880321049376	NA
Mpo	NA	-19.1078807005016	-14.0038945291606
Mpzl3	NA	NA	1.81619611957583
Mrc1	-2.10337756916313	1.16896183218729	-0.934415736975846
Mrc2	NA	NA	0.863402244158517
Mreg	3.35069192709078	NA	3.00274992914682
Mrgpre	NA	NA	0.75034233116158
Mroh6	1.400166549877	NA	NA
Ms4a4c	NA	0.893012354146787	0.932162992842767
Ms4a7	NA	2.81342143805873	2.66234079663087
Msr1	NA	1.35707014623936	1.20934508943249
Mt3	1.0972040348957	NA	NA
Mtmr11	0.908051561364071	-0.694545416637277	NA
Mtss1	NA	-0.713605895072158	-0.781685142636659
Mtx3	NA	-1.54175668350231	-1.91838172594413
Mxd3	NA	NA	2.2323119025517
Mycbp2	NA	NA	-0.854680910066711
Myef2	NA	NA	-0.71930159118171
Myo10	NA	0.90715389730611	1.08159368578537
Myo15	1.7999940412974	NA	NA
Myo18b	NA	NA	-0.890373968984642
Myo1d	NA	-0.603701189390293	-0.808361964508663
Myo5a	-0.698144803591608	0.640318230449456	NA
Myo9a	NA	NA	-0.674544701724876
Myof	NA	5.49346158286466	5.43136640988637
Myom1	NA	NA	-0.716842568464792
N4bp3	2.2201764198773	NA	1.92393811311777
Naalad2	1.74174735129507	0.701623661309814	2.44337101260488
Nat1	0.757301004666626	NA	0.797458984309669
Nbeal1	NA	NA	-0.789765328204333
Ncam1	2.53736536523488	NA	NA
Nceh1	NA	0.759703132758214	1.32442453745904
Ndc1	NA	0.63661884301005	NA
Ndrg1	NA	NA	3.4287559505254
Ndrg2	0.965523074436242	NA	0.901155694564395
Ndst1	0.653966371286885	NA	0.73512527103314
Negr1	NA	NA	1.97268515990283
Nek2	3.97699117649144	NA	4.70011119231146
Nes	NA	0.769234266361463	NA
Neu3	0.668313868763943	NA	0.83768124536369
Neurl1b	2.34493842017412	NA	2.89506690506724
Nfat5	NA	-0.609657163960037	-0.8217353761792
Nfkbid	NA	-0.794621753221104	-1.0242082204957
Ngp	NA	-4.58557187981414	-4.17194990831841
Nhs	2.68761417276124	NA	NA
Nid2	NA	NA	-0.736986514280189
Nin	NA	NA	-0.658218539967147
Nipbl	NA	NA	-0.653037798886272
Nkapl	NA	0.80612183324061	1.05532028716276
Nktr	NA	NA	-0.782005486987601
Nlrp1b	NA	-0.74583634923337	-0.652476103118044
Nlrp1c-ps	NA	-1.05161770232264	-1.39250929822632
Nmnat1	NA	NA	-0.686596129917604
Nod2	0.984202021240717	NA	1.13125249765688
Nos1ap	NA	NA	-0.71427865751502
Notch4	NA	0.836138838408821	1.27389718790131
Npff	NA	-2.05756157144113	-2.73683446588433
Npr1	NA	-1.03108639058549	-1.00704577655994
Nr1d1	1.18473665774011	NA	1.35307282439466
Nrg4	NA	NA	-2.57871373489671
Nrxn2	NA	NA	1.47023588387429
Nsg1	NA	NA	1.78063951938953
Nsl1	0.918047688136928	NA	NA
Nudt12	NA	NA	1.04018927178633
Nupr1l	NA	NA	0.954044855728875
Nusap1	3.0384147821542	NA	3.55471832872929
Nwd1	7.97346245595968	NA	8.91590717935669
Oas1a	NA	0.914522882649518	1.11823661832502
Oas1g	2.24917806236163	NA	3.19550072949993
Oas2	NA	NA	2.45008385526913
Oas3	NA	NA	3.63506348423856
Oasl1	NA	0.899407197808418	1.50316939508189
Oasl2	0.784562923609225	1.17930884064889	1.96387176425812
Ociad2	NA	-2.91900880856519	NA
Ocln	0.939490509429961	NA	1.29225858032359
Odf2l	NA	-0.959305316915248	-0.993769480437758
Olfm1	2.52836872535883	NA	2.99258175152436
Olfm4	NA	NA	0.859713592663427
Olfr110	-1.12963608831562	NA	-0.866338572850372
Olfr750	NA	NA	3.07921000035759
Olr1	NA	1.00746989667603	1.38104175154266
Opn1sw	NA	NA	-2.25766393116904
Osgin1	0.589772451235073	NA	0.706529786441256
P2ry2	1.06285876490271	0.932683391522153	1.99554215642486
Pacsin1	-1.00626085109928	NA	-1.43109694241623
Padi2	0.667637441311595	NA	NA
Pam	-1.94739034670004	NA	-2.84349191451105
Pam16	NA	NA	-0.666409364542294
Pan3	NA	-0.653743094814695	NA
Paqr8	1.04052016624599	NA	1.26208695107157
Parp6	NA	-0.786170625927091	-0.731939645559857
Particl	NA	NA	-0.733946625328346
Paxbp1	NA	-0.646378487683292	-0.663264054664979
Pbk	1.88223392437866	NA	2.5046273568781
Pcbp3	2.7642519188883	0.909261658185817	3.67351357707411
Pcbp4	1.12450279024125	NA	NA
Pcdhb22	NA	0.873687581983051	1.42903009556337
Pcdhga1	NA	NA	1.26079666336674
Pcdhga12	0.680036070886182	NA	NA
Pcdhga2	1.16455228285326	NA	1.68801938735318
Pcdhga4	1.58139041157645	NA	1.76179474479149
Pcdhga7	NA	NA	-0.646727921110227
Pcdhgb2	1.02020280103931	NA	1.40136749632982
Pced1b	0.585227589777315	NA	0.648093987007719
Pcnx2	NA	-1.76988477442847	-2.03387392895409
Pcp4	-0.643948945894555	NA	NA
Pcx	0.589899304297293	NA	NA
Pdcd1	1.88128268897532	1.36214008567211	3.24342277464743
Pde1b	NA	-1.24430239275613	-1.68675019477298
Pde2a	2.66976092365036	NA	3.17666731008908
Pde6a	-3.17175780602336	NA	-2.95287476350789
Pde6b	-2.20639330043502	NA	NA
Pde6g	-3.04868691993734	NA	-3.45637073244105
Pdyn	2.50987814545686	NA	2.99378519671675
Pdzd2	NA	-1.98064214764262	-2.31401386852604
Pdzrn4	1.77932592996696	0.844699220500774	2.62402515046774
Peak1	NA	-0.628668681510441	NA
Pear1	NA	NA	0.604783612516993
Peg12	1.74187037235576	0.820910558912107	2.56278093126787
Per2	NA	NA	1.43812237175441
Perm1	NA	-3.68945118651768	-4.05938392347119
Pf4	-1.50848791929246	2.29504565092536	NA
Pfkfb2	NA	-0.746403029965532	NA
Pfkp	NA	NA	1.267705352077
Pfn2	-0.69252620210339	NA	-0.904108914663349
Pfn4	2.85753466140251	NA	NA
Pgap1	NA	0.645637363025829	NA
Phf11a	2.18810943348298	NA	2.42548316094483
Phf11b	0.716330321927517	NA	0.887991160931965
Phf21a	NA	-0.608773810620852	-0.620934736732977
Phkg1	0.825176483500509	NA	NA
Phlpp2	NA	NA	-0.741687161459376
Phospho1	NA	NA	-0.890906767302832
Phtf1os	-0.677665677728425	NA	NA
Phxr4	NA	NA	-1.16914996175509
Pianp	1.64109542976224	2.32471008698275	3.96580551674499
Pik3ip1	0.831493303594067	0.685940507468839	1.51743381106291
Pik3r3	NA	-0.85874782725242	NA
Pilrb1	NA	NA	1.56123212491502
Pilrb2	NA	NA	1.53031322837906
Pim1	NA	NA	1.0088387518192
Pirb	0.718033722222844	NA	0.741207692958229
Pkd1l3	NA	-2.41271940950478	-2.64756845705843
Pla2g7	NA	1.57582575337327	1.53285821183805
Plaur	NA	NA	0.980235068806479
Plbd1	NA	NA	2.70487958549812
Plcb4	NA	-1.44954614932862	NA
Plcd1	NA	-0.607316693543376	NA
Plec	NA	NA	0.882283819129174
Plekhb1	NA	-1.57523708277391	NA
Plekhn1	NA	-1.39553702517652	NA
Plet1	1.84355619620428	NA	2.59896939311497
Plet1os	NA	2.18166700158973	2.80064666139576
Plk1	2.16443591199548	NA	3.1432419754613
Plk2	NA	1.29518801473793	1.87930239654027
Pln	-0.75687246432421	NA	-0.815624477235136
Plp1	NA	-1.77927416868043	NA
Plp2	1.63108286917504	NA	2.48007830057887
Plxnb3	0.660229153112859	NA	NA
Pmaip1	-0.913251355047652	0.627748516402805	NA
Pnisr	NA	-0.754802620607554	-1.09538524035653
Pnma2	-1.13224876436065	NA	-1.37660709247861
Pnn	NA	NA	-0.791433105406658
Pole	2.78334921566254	NA	2.76251278028099
Polq	NA	NA	-2.5315653048001
Pomgnt2	NA	NA	0.662877109565807
Postn	-0.595577179363376	NA	NA
Pou6f1	NA	-0.90250791258553	NA
Plpp2	0.591301970422847	NA	0.847658681042579
Pparg	-3.78523995450871	NA	NA
Ppp1r14a	0.940880285900153	-2.00297847851678	-1.06209819261662
Ppp1r1b	NA	NA	1.23923185721251
Ppp4r1l-ps	NA	NA	-0.84723178900349
Pqlc3	NA	NA	0.973025982478552
Prc1	1.67384325677303	NA	2.31941438615279
Prdm2	NA	NA	-0.627467465639374
Prdm5	NA	-2.34018764433562	-2.9490323896917
Prdm9	0.767359916360544	-0.993003146858838	NA
Prickle2	2.4593813367096	NA	1.61138251641509
Prkaa2	2.98356582387215	NA	3.33136051493022
Prkar1b	0.618503281810173	NA	0.690835122854519
Prkcz	1.82508827198709	NA	1.80538217865514
Prkra	NA	NA	-0.620301899080765
Prnp	-0.673818812035555	NA	NA
Prom2	1.3744658712579	NA	1.92756508954103
Proser2	2.2308482798525	NA	NA
Prpf39	NA	NA	-0.69166201635413
Prpf40b	NA	-0.595727898022866	NA
Prph2	-3.93526373351696	NA	-3.81304308990134
Prps1l1	NA	NA	-1.56938089445248
Prr11	2.03202811084631	NA	2.05380843290177
Prr33	NA	-3.72449952508455	NA
Prr36	2.20544514761564	NA	NA
Prrc2c	NA	NA	-0.749289433805225
Psat1	0.636907078112699	NA	0.830305676487998
Psme2b	NA	-0.794444893333274	-0.788550183412433
Pstpip1	2.02744320029682	NA	2.3847554277377
Ptbp2	NA	-0.969495382195678	-1.16966931055609
Ptchd1	NA	0.725918867649654	0.673351431763409
Ptgds	NA	NA	1.49838402962504
Ptger4	1.59025025814604	1.93336803877532	3.52361829692135
Ptgfrn	0.694903881655989	NA	0.624912894566322
Ptgs2	NA	NA	4.85187724792892
Ptk2	1.520103225182	NA	1.78223566140683
Ptk7	NA	NA	-2.80488544010668
Ptpn4	NA	-0.844891188702577	-0.655065572742609
Ptpn7	NA	NA	4.22619514758313
Ptprd	NA	NA	-2.30993301487773
Ptprh	NA	-17.2547412916939	-17.1585231898777
Ptprt	NA	NA	-2.66292956386782
Pvt1	1.06597593314386	NA	NA
Pwp2	NA	NA	0.63843832489886
Pxdc1	0.667084170177071	NA	0.819698918150478
Ifi208	3.51712147098646	NA	3.39571040703139
Ifi213	2.5372418921457	1.43777596707789	3.97501785922358
Pygl	-0.633755222098932	NA	-0.917552148445236
Pygm	-0.93202039845284	NA	NA
Ifi209	0.767731422017307	0.61304747023358	1.38077889225089
Qrfp	NA	NA	-1.88516321532262
Qrich2	0.996248640194746	NA	NA
Rab11fip1	NA	NA	2.42013603688552
Rab11fip2	NA	NA	-0.648258342675914
Rab25	NA	NA	1.71102496827509
Rab30	NA	NA	-2.73425495500993
Rab3d	NA	NA	1.04757442048792
Rab7b	NA	2.28449547562671	3.08852242920416
Rad51b	NA	0.876575721754366	NA
Rad9b	NA	-0.788396296257379	-0.656520030515556
Rai14	NA	NA	1.8797607821168
Ralgds	0.889070401503874	NA	0.674554054504701
Ramp1	-0.833506668393088	NA	NA
Ramp2	NA	NA	-0.952619279469514
Rap1gap	1.79093902678522	NA	NA
Rapgef4	2.21169873843078	NA	NA
Raph1	-1.10546592593108	NA	-1.21925941926351
Rarg	1.73085740769091	NA	2.29698472616493
Rasgrf2	0.972302823861288	NA	1.51521060740029
Rasgrp4	NA	-0.60976372783687	NA
Rassf3	0.628054386086491	NA	0.890952181084636
Rbakdn	NA	NA	2.04348615375492
Rbm33	NA	-0.661544462509248	NA
Rbm45	NA	NA	-0.832364773735713
Rbp1	2.78463974920255	NA	2.67235162118154
Rbp3	-3.87111362561846	NA	-3.93656233684945
Rbpms	NA	NA	0.67584513729099
Rep15	NA	NA	-3.31644107269175
Rev3l	NA	NA	-0.915206851254868
Rftn1	NA	NA	0.918985503988933
Rgl2	NA	-0.796774901292446	-0.73942362747758
Rgs7bp	-1.95838584343663	-0.996230106808925	-2.95461595024555
Rho	-4.57344693301331	NA	-5.30464303921661
Ric3	0.80967902168603	NA	0.653374287476678
Rnasel	NA	NA	-0.756524698643503
Rnf157	0.864392361544795	NA	0.828426203684335
Rnf208	NA	-2.83959746435862	NA
Rnf217	NA	NA	-4.27448231268236
Rora	NA	NA	0.793801368106088
Rp1	NA	NA	-3.24903598906646
Rpl10	NA	-0.902184876609205	-1.24122859483238
Rpl32	NA	0.617858923057309	NA
Rpl35	NA	0.681399614398103	NA
Rpl37	NA	0.601707884334411	NA
Rpl37a	NA	0.654988272849744	NA
Rpl37rt	NA	0.776633560911981	NA
Rpl38	NA	0.585006288956974	NA
Rpl5	NA	NA	-0.657904281857594
Rps19	NA	0.596467898288271	0.642536014278027
Rps21	NA	0.660160858294342	NA
Rps29	-0.813187476549776	NA	NA
Rps6kb2	NA	-0.590670730732083	NA
Rrm2	1.4807304058136	NA	1.9574394107164
Rrnad1	NA	-0.778725172687332	-0.904621991129637
Rrp12	NA	NA	0.590366432209058
Rs1	-4.95360135674519	NA	-5.07368141093711
Rsad2	0.947797580736132	0.935416425120569	1.8832140058567
Rtkn2	NA	NA	-2.01120629247918
Rtp4	NA	0.96475140978742	0.863058417860732
Rundc3b	NA	NA	4.77625325765309
Runx3	NA	2.77107701142378	2.78429841633659
Rwdd3	1.01910648926845	NA	0.873484417956757
Rxrg	3.09205998550374	1.25795589496663	4.35001588047037
S100a11	NA	0.82012425529805	0.893695304976872
S100a4	NA	NA	1.47355969141565
S100a6	2.54242127151821	NA	2.9407620623132
S100a8	7.89130658521148	3.6581038017233	11.5494103869348
S100a9	8.74813136561563	3.4978938548144	12.24602522043
S1pr4	NA	-1.2394303534972	NA
Safb2	NA	NA	-0.664875750985767
Samd9l	1.25964178881408	NA	1.90215036925352
Sapcd2	3.1747838143641	NA	NA
Sarm1	0.790708742680965	NA	0.846359252113998
Sash1	NA	NA	-1.77155813015121
Saxo2	2.81908738270941	NA	2.87705942582131
Scarf2	0.596677129997381	NA	0.789079107991
Scel	-4.13374301546402	NA	-4.30200638045182
Scube1	0.955610280533343	NA	0.874780040069541
Sdc3	0.832959736786788	0.620431622685871	1.45339135947266
Sdk1	NA	NA	0.738147599713665
Sec14l2	0.913975127705583	NA	0.790252643636037
Sec61a2	NA	NA	-0.637980064085
Selm	NA	0.651927829820397	0.814527750874136
Sema3f	NA	NA	2.03544842794957
Sema4b	NA	NA	-0.629153455976675
Sema6d	-0.827126878740104	-0.678186306184387	-1.50531318492449
Sept4	0.955952162995605	NA	NA
Sept5	NA	NA	-1.61967626284887
Sepw1	NA	0.707728752766031	0.762040066263479
Serpinb6b	-2.75566218781816	NA	-4.52775573597874
Serpinc1	NA	NA	-0.913604794437719
Serpine1	1.24530766182143	NA	1.84113922055709
Setd1b	NA	-0.662048031595277	-0.758819154038477
Sgcb	0.641726920310991	NA	0.805375097473012
Sgip1	1.20850232739988	NA	1.78704163288059
Sgpl1	NA	NA	0.600440581092359
Sh2d1b1	1.39463206301113	NA	1.43125409301018
Sh3bp4	NA	NA	1.00921519068492
Sh3d21	NA	-1.00746448557664	-0.950083250927761
Sh3pxd2b	NA	2.47649621772728	1.88920308258444
Sh3rf1	-1.79939335928201	NA	-1.65255453455782
Shank1	2.5258954278976	NA	NA
Shisa4	NA	-2.72789873977542	NA
Shisa7	3.46801230998926	NA	NA
Sigirr	NA	NA	-2.56905086270833
Siglec1	NA	0.977430931158141	NA
Sik1	NA	NA	1.74667747335608
Slamf7	NA	3.47699462029777	4.26412290552589
Slamf9	0.627892927706362	NA	1.01221733976289
Slc10a1	-1.1226710556316	NA	-1.10912388965028
Slc10a6	NA	1.49978126444785	NA
Slc12a5	NA	-2.38397068810466	-2.35260149132703
Slc12a7	NA	NA	0.601200064716032
Slc13a3	NA	NA	0.598384455761527
Slc14a1	NA	0.659189963489978	NA
Slc16a3	NA	NA	0.589366477519198
Slc16a8	2.59694144060016	NA	2.42545555889304
Slc17a9	NA	NA	0.614360237509753
Slc1a1	NA	-3.45472461516448	NA
Slc1a2	NA	-2.01726339367765	NA
Slc1a5	NA	NA	0.739873065512577
Slc22a21	NA	NA	-0.997026174027395
Slc24a1	NA	NA	-1.83426958223757
Slc25a13	-0.998955782380845	NA	-0.880232310947489
Slc25a37	NA	-0.745979549134631	-0.799800812681452
Slc2a10	2.02881185960422	0.964950845995773	2.99376270559999
Slc2a3	NA	0.659321022710273	1.23339845398383
Slc2a4rg-ps	NA	NA	-1.27271138930859
Slc2a6	1.72862759874829	0.917306845187324	2.64593444393562
Slc35d2	0.977301641290661	NA	0.934068079077068
Slc35e4	NA	NA	0.905094544602031
Slc35g1	NA	0.695266174062413	1.27548843612843
Slc39a11	NA	NA	0.643654580216791
Slc39a12	NA	NA	0.750100374326801
Slc39a4	NA	NA	1.01039973013131
Slc41a2	NA	2.32547421351159	2.75802073533896
Slc41a3	NA	NA	0.612900596310175
Slc45a3	NA	NA	2.91684689837305
Slc4a4	3.264814004227	-4.20359342563147	NA
Slc5a10	0.638952542745823	0.63231381423888	1.2712663569847
Slc5a5	NA	NA	0.907781239511767
Slc7a1	NA	NA	0.724503481782551
Slc7a11	1.08770671510379	NA	1.72949762270634
Slc7a4	1.74907015277544	NA	2.03535773254498
Slfn1	NA	NA	4.66429359144155
Slfn2	NA	0.924035661374139	0.928875081595979
Slfn5	NA	NA	0.926033280685039
Sltm	NA	NA	-0.586053604556728
Smarca5-ps	NA	NA	3.38630720015348
Smco1	NA	NA	-1.65512166656312
Smg1	NA	NA	-0.826900167551095
Smim10l2a	-0.637775036380432	NA	-1.0152076816944
Smim22	-1.54672505476022	NA	-1.5107204069561
Smim3	0.604685808431597	NA	0.875593898576504
Smkr-ps	NA	NA	-2.07208810422224
Smpd5	NA	-0.709597889486271	-0.806806803039563
Snca	3.34722602682636	NA	3.29019864241205
Snhg1	NA	NA	-0.734660885791689
Snhg17	NA	-1.0830943625975	-0.892117275581912
Snhg20	NA	-0.890659157332821	-1.13310714572047
Snhg4	NA	-1.40585479153214	NA
Snhg5	NA	-0.856502815870206	-0.968397054218735
Snora28	NA	NA	-0.752846591686233
Snora31	-1.28461659662122	NA	NA
Snora52	NA	-3.26533671618873	-2.88381384569413
Snora64	NA	-1.2687266153301	-1.43440543280154
Snora68	NA	NA	-1.65046939160698
Snora70	NA	-1.69642470953904	-1.52379222703877
Snora81	NA	NA	-2.0602393324534
Snord104	NA	NA	-1.38859964271445
Snord17	-0.789411088453119	NA	-1.59248869043742
Snord35b	NA	-2.52723607667092	NA
Snord47	NA	-2.54326481960331	-2.57962231091401
Snord49a	-1.45050032625221	NA	-2.0179415973222
Snord65	NA	NA	-1.44093093160561
Snord72	NA	NA	-1.61738341345846
Snph	1.11019487836936	NA	1.37853923994559
Sorl1	0.793602916759606	NA	1.01954166458693
Sort1	NA	NA	0.660182470350044
Sostdc1	NA	NA	4.43861977528447
Sp100	0.794374061729439	NA	1.28401891353128
Spag5	2.70191657538331	NA	NA
Sparcl1	2.4039716679694	NA	NA
Spc24	1.91735029024066	NA	3.14388657262447
Spef2	NA	NA	1.38943536973367
Spen	NA	-0.618304009013661	-0.689860320239891
Spin4	NA	NA	-2.97781145362135
Spint1	NA	NA	0.642475767684986
Spint2	NA	NA	1.99276280728406
Spns2	0.824316437824109	NA	0.854669245809173
Spock1	NA	NA	1.53346808099289
Spp1	NA	2.78204600676947	3.73424583252575
Sqle	NA	NA	0.830129973695127
Srcap	NA	-0.598559451796088	-0.665276292748655
Srcin1	NA	NA	-2.39339745708528
Srsf5	NA	-0.837884439535559	NA
Srxn1	NA	NA	0.630461722085486
Ssbp1	NA	NA	-0.594563027204591
Ssh3	1.13876862615595	NA	NA
St14	1.42257317187682	0.634732180758683	2.0573053526355
St8sia1	NA	0.854779236463498	1.37150710529014
St8sia4	-0.646564370480561	NA	NA
St8sia6	1.22290650171622	0.985625944743947	2.20853244646017
Stap1	NA	NA	4.53484419704056
Stard10	2.13291630038752	NA	1.82876653231384
Stk26	0.608298160046937	NA	NA
Ston1	NA	NA	1.12396518222303
Ston2	NA	NA	-0.826720795539376
Stox2	NA	NA	-2.30653897501469
Stx1a	NA	-1.81519150569109	-1.31124830546145
Stx3	NA	NA	0.690589867080424
Stx4a	NA	NA	-0.678026605300253
Syngr3	3.46877879273171	NA	NA
Synj2	0.979049612471971	NA	1.12801847010517
Syp	1.47544399166005	NA	1.96094275094186
Syt3	0.765883162523155	NA	0.834647804047504
Syt6	NA	NA	-1.84927149954386
Szt2	NA	-0.921684096653399	-0.746951852689196
Tab2	NA	NA	-0.723908501532828
Taf15	NA	-0.689886886244066	-1.16428120012077
Taf1d	NA	NA	-0.71622117935479
Tagln2	NA	NA	0.588762845475428
Tanc2	NA	-0.635550716587457	NA
Tbc1d30	1.19269071864245	NA	1.58227937131845
Tbc1d31	NA	NA	-0.649286161256639
Tbc1d4	NA	NA	-0.929938277090217
Tbx6	-1.1902601316342	-1.36362049572976	-2.55388062736396
Tcea2	NA	-0.595785923217863	NA
Tcf19	0.758110927785457	NA	0.890420900016292
Tcf20	NA	-1.10694643604935	-1.14378807987828
Tctex1d4	NA	-1.28361605003462	NA
Tef	NA	NA	0.628298240202987
Tet1	NA	-1.20495130176109	-1.41175972298355
Tet2	NA	NA	-0.681770009298172
Tet3	NA	NA	-0.590853159643906
Tex9	NA	-1.04418810657097	-0.849076324132312
Tfec	-4.6951985553975	-2.46546905299981	-7.16066760839731
Tgfb2	3.11364019082497	NA	NA
Tgm2	0.723589360679698	NA	NA
Tgtp2	1.43437902143242	0.916584556347514	2.35096357777994
Thrb	2.98299324442391	NA	3.10188864539864
Tiam1	NA	-0.623137171722754	-1.09748684455411
Tiam2	NA	NA	1.26444215337323
Timeless	1.31363772417023	NA	NA
Tjp3	1.88647407499996	NA	2.27860011330916
Tk1	NA	NA	0.820680487406351
Tle2	1.641802701447	NA	1.10121074423202
Tlr12	NA	NA	0.768528888841504
Tlr2	NA	0.617981873223735	0.851092874009517
Tlr8	NA	NA	5.28685129363221
Tmcc2	1.09112109745312	NA	0.902258556297417
Tmem107	NA	NA	0.895389350157484
Tmem132a	NA	NA	-0.724766410608874
Tmem136	2.5074457065519	NA	NA
Tmem154	1.60980725803191	NA	2.01899906894757
Tmem163	NA	3.12045291892765	3.59830653742228
Mfsd13a	NA	NA	0.908808425515606
Tmem181b-ps	NA	-1.15529312293351	NA
Tmem181c-ps	-2.12467904624447	NA	NA
Tmem204	NA	NA	-0.707370646098793
Tmem205	0.793809306827617	0.766688417510748	1.56049772433837
Tmem246	3.5058720343308	NA	3.41833307951454
Tmem25	NA	-3.27641289410608	NA
Tmem44	NA	-0.632821491173888	-0.702478928188767
Tmem47	NA	NA	3.19500757661024
Tmem51	NA	4.53703618800092	3.57337360435485
Tmem52	NA	NA	-0.845658418689977
Tmem71	NA	NA	0.680769278786009
Tmem79	NA	NA	0.674565205700692
Tmem8	NA	NA	0.882294100333083
Tmem82	1.61180656679614	NA	1.70228627664961
Tmem86b	NA	NA	-1.33822516902955
Tmem8c	1.07012834184864	NA	1.31595639245846
Tmf1	NA	NA	-0.648668790944629
Tmsb10	NA	0.589050354659016	NA
Tmsb15b1	NA	NA	0.798606066326217
Tnfaip2	0.818936683689899	NA	0.985245750887918
Tnfaip8l3	NA	NA	4.5772670239865
Tnfrsf22	NA	0.686055724759164	0.605782806792407
Tnfrsf26	NA	0.957219404830663	1.03202141495524
Tnfrsf4	NA	NA	-3.40628079054273
Tnfsf10	NA	NA	0.627257101671268
Tnfsf13	0.643231025296051	NA	0.930322795144458
Tnfsf13b	1.23508590089762	NA	1.7682198763404
Tnfsf8	2.52508179051007	0.666499607026205	3.19158139753628
Tnip3	3.02760409868331	NA	4.66585594586994
Tnrc6a	NA	NA	-0.69968399205041
Tns1	0.638574216421405	NA	NA
Top2a	3.09481663503812	NA	3.03836690767605
Toporsos	-0.649993111478151	NA	NA
Tox2	NA	1.67994438189957	1.45070644369911
Tpbg	3.02468242186907	NA	3.84701636747333
Tppp3	NA	NA	-2.96438128559363
Tpst1	NA	NA	0.597564804886838
Tpx2	1.78821001125084	NA	1.93716167295799
Treml2	NA	NA	0.590638309476314
Trim30b	0.980240098561327	NA	NA
Trim41	-0.607070249830032	NA	-0.619126246495693
Trim59	NA	NA	1.19856829624201
Trim7	1.43276038266874	NA	1.52943947058894
Trio	NA	-0.647848862948173	-0.611187508931351
Trip11	NA	NA	-0.938317687061632
Trip6	NA	-1.1549511184047	-1.48004190109842
Trp53cor1	NA	-0.71899301610154	-1.12704941171521
Trp53i11	0.834661454637203	NA	NA
Trpc4	NA	4.90354076868921	3.95367930769856
Trpm2	0.665148713118789	NA	0.64833023551557
Trps1	NA	NA	1.11589871954797
Trpv4	1.34635294772522	0.661668366465289	2.00802131419051
Tsc1	NA	-0.587084223263127	-0.673716127309355
Tspan17	2.08187067951579	NA	2.59955021848241
Tspan18	0.752350969322833	NA	NA
Tspan6	4.15956066842396	NA	5.93189866658029
Tspan8	NA	0.883441123643965	NA
Tspo	NA	NA	0.926519902842334
Tst	1.50918861477357	NA	1.28515633186879
Ttc25	NA	NA	-1.07550625672794
Ttc41	NA	-1.31344452742981	-1.47349827482269
Ttc9	1.00173723545599	NA	1.04266235651129
Ttll3	NA	NA	-1.14234833436073
Tuba4a	NA	0.59142363287581	1.0321694226357
Tulp3	0.931336122146238	NA	0.958049990331169
Tusc1	NA	NA	0.886251958108654
Tyw5	NA	NA	-0.754449116147202
Ube2c	2.32959641592544	NA	2.86903581562252
Ube2e2	0.904736464681648	0.682808092477787	1.58754455715944
Ube2l6	NA	NA	0.647431889960177
Ube2ql1	NA	NA	3.44490628788776
Ubn2	NA	NA	-0.832833015723748
Ubr4	NA	-0.66663471919491	-0.630806214890403
Uck2	-1.08575040794539	NA	NA
Uhrf1	NA	NA	1.11720402959766
Unc13b	NA	-0.69245073862119	-0.651519156516882
Unc5a	1.22324035311545	NA	1.398783005049
Unc79	NA	-1.53353241981239	NA
Upk1b	1.03597169557108	NA	1.36444568981166
Uros	NA	NA	-0.634333804521944
Usp18	NA	0.839984215640708	1.17368935508953
Usp34	NA	NA	-1.00377479060037
Uvssa	NA	-0.750829840506531	-0.677885880144735
Vamp1	NA	-1.11507707876348	-1.11291532371171
Vangl1	NA	NA	0.733223751452024
Vaultrc5	NA	NA	-1.21305629824558
Vax1	2.2693959906082	NA	2.86648893520145
Vcam1	1.48954272871024	1.30566469698396	2.7952074256942
Vegfa	NA	NA	1.82571194776309
Vim	0.798569991022971	0.785953252546486	1.58452324356946
Vldlr	-4.04441893486159	NA	NA
Vnn3	NA	4.83761905200856	4.10663064597617
Wbscr27	1.16292346147762	NA	0.885176919495632
Wdhd1	NA	NA	1.40339131847229
Wdr93	-20.5587454582661	25.1739257312543	NA
Wee1	2.66392944025967	NA	2.38834092969662
Wfdc17	NA	1.86132324232652	1.75464416090157
Wfdc2	3.83754150204251	NA	NA
Wnk3	4.02186547443762	NA	2.91788582444535
Wscd1	1.3384903050831	NA	1.30609576613617
Wwc1	1.53685171730453	NA	1.38616169239446
Xdh	1.97515787255315	2.32994251193509	4.30510038448824
Xirp1	NA	NA	2.55442190227886
Xk	NA	NA	0.806703381340786
Xylb	NA	NA	0.67936983977402
Zbed6	NA	NA	-0.83199780949177
Zbp1	1.3363517515128	NA	1.91045148660248
Zbtb16	NA	NA	3.15157748348192
Zbtb42	NA	NA	1.87095651885351
Zc2hc1a	NA	NA	0.914600939138218
Zc3h12b	1.25977345218953	NA	1.16770074638321
Zc3h13	NA	NA	-0.68632368636561
Zc3h6	1.00620167369361	NA	NA
Zcchc7	NA	NA	-1.00124379173544
Zdbf2	-14.8895205857221	18.8228592206001	NA
Zfc3h1	NA	-0.684995433195641	-0.817131765477887
Zfp146	NA	NA	-0.720397169097274
Zfp174	NA	-0.691710336658801	NA
Zfp236	NA	NA	-0.62885891099692
Zfp300	3.17872473416267	NA	NA
Zfp318	NA	-0.608020460582431	-0.707138519982761
Zfp365	NA	-3.33764093757666	NA
Zfp382	NA	NA	-0.893377359926161
Zfp446	NA	-0.630569028552083	NA
Zfp473	NA	-1.39251232830725	-1.39410349680392
Zfp503	NA	NA	1.4351823729608
Zfp507	4.5157242520849	NA	5.11653197495134
Zfp521	NA	NA	2.20893384710909
Zfp57	NA	NA	-1.61782191273986
Zfp605	NA	NA	-0.887308338690038
Zfp609	NA	NA	-0.701103555092648
Zfp626	NA	NA	-0.677408614499216
Zfp641	2.08189382032971	NA	1.68121106042887
Zfp691	NA	-0.589961347741151	-0.645968050860205
Zfp827	NA	NA	-1.03677987546154
Zfp934	-0.597902951731327	-0.681824361223942	-1.27972731295527
Zfp950	NA	NA	-0.709633159626611
Zfyve28	0.641394290758125	NA	NA
Zkscan2	3.29973549363276	NA	3.219223512982
Zmym6	NA	-0.648593098452109	-0.64274870842325
Zmynd15	0.844640582566798	NA	0.812065514651321
Znf512b	NA	-0.672219848363904	NA
Zscan26	NA	-0.790040798725839	-0.838598165918037
Zswim8	NA	-0.611255826762016	NA
Zwilch	NA	NA	2.12887574719628
