GF VS SPF (F, 8w)	GF VS SPF (M, 8w)	GF VS SPF (F, 52w)	GF VS SPF (M, 52w)	GF VS SPF (F, 104w)	GF VS SPF (M, 104w)
0610005C13Rik	NA	NA	NA	NA	NA	-2.47407458822211
0610009L18Rik	NA	NA	-1.07530588605369	NA	NA	NA
0610030E20Rik	NA	NA	NA	NA	NA	-0.648103788436814
1110006O24Rik	NA	NA	NA	NA	-1.58354862286481	-1.22029921273128
1110008P14Rik	NA	NA	NA	NA	NA	0.601785997396883
1500015A07Rik	NA	NA	NA	NA	NA	-1.40830218706587
1700001C19Rik	NA	NA	NA	NA	NA	-0.862909240737259
1700007L15Rik	NA	NA	NA	NA	-1.46979449133106	NA
1700008J07Rik	NA	NA	NA	NA	NA	-1.44836570566989
1700008O03Rik	NA	NA	NA	NA	3.84851970897909	NA
1700011I03Rik	NA	NA	-1.02978325151426	NA	-1.68552804635651	-1.0197458277983
1700012D14Rik	NA	NA	NA	NA	NA	-1.14404790272762
1700020N01Rik	NA	NA	NA	NA	-1.51553765159608	NA
1700025N23Rik	NA	NA	NA	NA	NA	-2.13387551515111
1700029J07Rik	NA	NA	NA	NA	NA	-1.75541586004438
1700034I23Rik	NA	NA	NA	NA	NA	-3.40882555832271
1700037C18Rik	-0.700137008899292	NA	NA	NA	NA	NA
Zfp974	NA	NA	NA	NA	-0.833188546204806	-0.885041517569299
1700066B19Rik	NA	NA	NA	NA	-1.15194809528961	-1.42907531985652
1700109H08Rik	NA	NA	NA	NA	NA	-1.85686663577618
1700110C19Rik	NA	NA	NA	NA	NA	-1.75978632796122
1700112E06Rik	-3.58728395188762	-4.01248841365217	-3.48962017395361	-3.91482463571816	-3.56384970966275	-3.9890541714273
1810011O10Rik	1.18044787636249	NA	1.06564432977626	NA	1.37680177218511	0.78510416519606
2010107G23Rik	-2.37193867246747	NA	NA	NA	NA	0.937530956573408
2010111I01Rik	NA	NA	0.695372456902231	NA	NA	NA
2210408F21Rik	NA	NA	0.933475508839535	NA	0.945747427137751	NA
2210408I21Rik	NA	NA	NA	NA	-1.06088867216351	-0.821451272452588
2410021H03Rik	NA	NA	NA	NA	-4.30455411385532	-3.64048779002074
2510003B16Rik	NA	NA	NA	NA	-1.6271571703102	NA
2610524H06Rik	1.37358135516298	NA	NA	NA	NA	NA
2700038G22Rik	NA	NA	NA	NA	-1.80843367970005	-1.85156627192847
2700046G09Rik	NA	NA	NA	NA	NA	-0.812845189566077
2810403D21Rik	NA	NA	NA	NA	-1.38586703275699	NA
2810417H13Rik	NA	NA	NA	-2.16520534646338	NA	-2.08009351646705
2810454H06Rik	NA	NA	NA	NA	-1.76249224793289	-1.59715197591764
2900005J15Rik	NA	NA	NA	NA	-1.34376764708759	-0.978751318901445
2900026A02Rik	NA	NA	NA	NA	-1.22743132797585	-0.710572399950487
2900097C17Rik	NA	NA	NA	NA	NA	-0.600619183720284
3000002C10Rik	NA	NA	NA	NA	NA	-2.00071718793276
3110056K07Rik	NA	NA	-0.62239191184498	NA	NA	NA
4632427E13Rik	NA	NA	NA	NA	-0.688205827671249	-1.05802953369366
4632428C04Rik	NA	NA	NA	NA	NA	-2.88513422199797
4732471J01Rik	NA	-0.841320540666224	NA	NA	NA	NA
4921511C10Rik	NA	NA	NA	NA	-1.45032482481422	-1.65523749754114
4921511I17Rik	NA	NA	NA	NA	NA	-3.78380977837863
4921531C22Rik	NA	NA	NA	NA	NA	-0.743947497561642
4930412C18Rik	NA	NA	NA	NA	NA	-4.22290966329688
4930440C22Rik	NA	NA	NA	NA	NA	2.25659212105754
4930447K03Rik	NA	NA	NA	-0.910410645844898	NA	NA
4930451G09Rik	NA	NA	NA	NA	NA	-2.25720775131185
4930502E18Rik	NA	NA	NA	NA	NA	-3.44089337594713
4930506C21Rik	NA	NA	NA	NA	-2.03430802025491	-2.32416335302253
4930507D05Rik	NA	NA	NA	NA	NA	-3.83556670596017
4930511A08Rik	NA	NA	NA	NA	-4.31819872499896	-2.87027420551599
4930512B01Rik	NA	NA	NA	NA	-2.72262904900645	NA
4930563E22Rik	NA	NA	NA	NA	NA	-2.18074611950838
4930579G18Rik	NA	NA	NA	NA	-2.33242802499389	-2.25715433460871
4930594C11Rik	NA	NA	NA	NA	-1.82819245371725	-1.6913153170352
4930599N23Rik	NA	-0.860103168945682	NA	NA	-1.23417943532655	-1.48702198509978
4931402G19Rik	NA	NA	NA	NA	NA	-1.16766565559588
4932438A13Rik	NA	NA	NA	NA	-0.645931007272457	-1.03707440264189
4933404O12Rik	NA	NA	NA	NA	NA	1.71829625982711
4933421O10Rik	NA	NA	NA	NA	-1.09905433162603	-0.745323966345037
4933431G14Rik	NA	NA	NA	NA	-2.01719286313531	-2.13657628133573
4933433G15Rik	NA	NA	NA	NA	-3.77928383102423	-2.77505258731609
5430402O13Rik	NA	NA	NA	NA	NA	-1.14497280587797
5830416I19Rik	NA	NA	NA	NA	NA	-4.28952520873175
5830417I10Rik	NA	NA	NA	NA	0.645773161257591	NA
5830454E08Rik	NA	NA	NA	NA	3.1321459045362	NA
5930430L01Rik	NA	NA	NA	NA	-1.51464458940727	-2.14882960633514
6030468B19Rik	NA	NA	NA	NA	0.63458643634088	NA
6230400D17Rik	NA	NA	NA	NA	-1.74995560393423	-1.48281570128294
6330407A03Rik	-1.86640399194124	NA	NA	NA	-1.95211311191298	-1.1949509697836
6330409D20Rik	NA	NA	NA	NA	NA	-3.08399307182061
8030423J24Rik	NA	NA	-1.25866298680025	-1.57083696238926	-1.47298000983366	-1.78515398542267
8430408G22Rik	NA	NA	NA	NA	-2.86442211064238	NA
9130023H24Rik	NA	NA	NA	NA	NA	-0.63088642758801
9330020H09Rik	NA	NA	NA	NA	-1.94151794296543	NA
9330151L19Rik	NA	NA	NA	NA	NA	-1.70899284625774
9330175E14Rik	NA	NA	NA	NA	-2.30551360927698	-2.05261475156667
9430015G10Rik	NA	NA	NA	NA	0.892913496125399	NA
9530062K07Rik	NA	NA	NA	NA	NA	-1.04150180229476
9930021J03Rik	NA	NA	NA	NA	-0.648612730743967	NA
9930111J21Rik2	NA	NA	NA	NA	-1.36000597955036	NA
A430033K04Rik	NA	NA	NA	NA	NA	-0.616978557636071
A430035B10Rik	NA	NA	NA	NA	NA	-1.08552633310725
A430046D13Rik	NA	NA	NA	NA	NA	0.687669458189461
A430093F15Rik	NA	NA	NA	NA	NA	-4.74025037231097
A430105I19Rik	NA	NA	NA	NA	NA	3.0509938339497
A530088E08Rik	NA	NA	NA	NA	-0.826564582529213	-1.09579228254873
A630033H20Rik	NA	NA	NA	NA	NA	-0.612885513864733
A630066F11Rik	NA	NA	NA	NA	NA	-1.08668314854783
A630072M18Rik	NA	NA	NA	NA	-1.03413014332627	-1.11425673231214
A730020M07Rik	NA	NA	NA	NA	NA	-3.09073274476172
A830052D11Rik	NA	NA	NA	NA	-1.18237129522935	NA
A830080D01Rik	NA	NA	NA	NA	-0.935503769262062	-0.895588921171515
A830082N09Rik	NA	NA	NA	-4.33070347144853	NA	-5.60659289144025
A930002C04Rik	NA	NA	NA	NA	-4.23114267638215	-3.1803192171588
A930007I19Rik	NA	NA	NA	NA	NA	-1.07396222185237
A930013F10Rik	-1.96115595233239	NA	NA	NA	-1.90656189198249	NA
A930041C12Rik	NA	NA	NA	NA	NA	-3.24101702335832
AA413626	NA	NA	NA	NA	-5.79763659039531	NA
AA543186	NA	NA	NA	NA	NA	-0.895417896362466
AI846148	NA	NA	NA	NA	NA	0.718515077246661
AU022793	NA	NA	NA	NA	NA	-0.789359040013165
AW549877	NA	NA	NA	NA	-0.687041129650356	-0.705400193928631
Aars2	NA	NA	NA	NA	NA	0.651784370905259
Aasdh	NA	NA	NA	NA	NA	-0.789648991990289
Abca1	NA	NA	NA	NA	-0.653006412727632	NA
Abca4	NA	NA	NA	NA	-5.26546795911597	-4.08474841780754
Abca6	4.35287818074478	NA	4.07241732894336	NA	3.60936350590554	NA
Abcb1b	NA	NA	NA	NA	-0.645955089131978	NA
Abcb9	NA	NA	-0.935752819979713	NA	-0.920877717037877	NA
Abcc1	NA	NA	NA	NA	-1.16135732800357	NA
Abcf1	NA	NA	NA	NA	NA	0.665514693690038
Abcg3	NA	NA	NA	NA	NA	0.716215975836737
Abhd14b	NA	NA	NA	NA	NA	0.699536454268524
Abhd15	NA	NA	0.860591667546923	NA	0.822093067556388	NA
Ablim2	4.00518087656263	NA	NA	NA	NA	NA
Abtb1	NA	NA	NA	NA	0.62163064835268	0.603989540371968
Acaca	NA	NA	NA	NA	-1.15311291532924	NA
Acad12	NA	NA	-0.626247889220655	NA	NA	NA
Acadvl	NA	NA	NA	NA	0.590537455802374	NA
Acbd4	NA	NA	0.775925589438858	NA	1.40386636739944	1.03282270053262
Ackr3	NA	NA	NA	NA	NA	-2.05839759330058
Acot11	NA	NA	NA	NA	NA	1.35924957600333
Acot7	NA	NA	NA	NA	1.18671260363192	0.654726722014417
Acsf2	NA	1.0013608347475	NA	NA	NA	0.63610256624985
Acss2	1.59602918660494	NA	NA	NA	NA	NA
Actb	NA	NA	NA	NA	NA	0.612623852510941
Actg1	NA	NA	NA	NA	-0.605639508899775	NA
Actr2	NA	NA	NA	NA	-0.617735166559214	NA
Acy1	NA	NA	NA	NA	NA	0.652578797602025
Acy3	NA	NA	NA	NA	4.33169458998641	NA
Ada	NA	1.10348712967109	NA	1.12601137898044	NA	NA
Adam1a	NA	NA	NA	NA	NA	-4.4683884769073
Adamts16	NA	NA	-0.96584481872922	-0.951709988605606	-1.30169803173432	-1.2875632016107
Adamtsl4	NA	NA	NA	NA	3.05129564250705	NA
Adat3	NA	NA	NA	NA	NA	1.09709367811113
Coq8a	NA	NA	NA	NA	0.649340986303076	0.719353053960169
Adck5	NA	NA	NA	NA	0.716549950263136	0.677453490652241
Adcy3	NA	NA	NA	NA	NA	-1.02656324050615
Adcy8	-1.61150160883395	NA	-1.27763208857148	NA	-1.21732395698522	-0.801325062317829
Adgre4	NA	NA	NA	NA	NA	1.22419759317408
Adhfe1	NA	NA	NA	NA	-0.991225938601627	-0.817148067147277
Adnp2	NA	NA	NA	NA	-0.858940542741397	NA
Adora1	NA	NA	NA	1.99451681284456	NA	NA
Adra2a	NA	NA	NA	NA	NA	-1.28508440138838
Adrb1	1.15381009800754	NA	1.27383820487689	NA	1.67581529518766	0.629206634920422
Grk3	NA	NA	NA	NA	NA	-1.26650761094006
Adtrp	NA	NA	-0.879948794592612	NA	NA	NA
Afap1l1	NA	NA	0.609996060213422	NA	0.754415219515909	0.649455567236225
Aff4	NA	NA	NA	NA	-0.78678760991672	-0.650778468333672
Afmid	NA	NA	-0.7653668208697	-0.946936661330672	NA	-0.694619098940878
Agap3	NA	NA	NA	NA	NA	0.758529722105079
Agbl3	NA	NA	NA	NA	NA	-0.727931015317864
Agl	NA	NA	NA	NA	-0.787386447007292	-0.680754694542772
Ago3	NA	NA	NA	NA	-0.95541965806573	-0.835868577342311
Agps	NA	NA	NA	NA	-0.601934555465036	-0.641502988533774
Ahsa1	NA	NA	NA	NA	0.637576977781006	NA
Akap1	NA	NA	-0.586557896288111	NA	-0.848708513354182	NA
Akap11	NA	NA	NA	NA	-0.691813733791762	-0.726746146392297
Akr1e1	NA	-0.784039003757044	-0.751195932864545	-1.03754546010556	NA	-0.67588200794777
Akt3	NA	NA	NA	NA	NA	-1.07088675868644
Alb	-3.28709593855218	NA	NA	NA	-4.23306448720626	NA
Aldh18a1	NA	NA	-0.719925375956104	NA	-0.821329105406058	NA
Aldh1a3	NA	-4.71556822739809	NA	NA	-3.57531127225199	-6.3987592375789
Alox5	NA	0.650376716240107	NA	NA	0.769366276695636	0.944166909798036
Ammecr1	NA	NA	NA	NA	NA	-1.2621991893344
Amt	NA	NA	-3.84027528451077	NA	NA	NA
Anapc15	NA	NA	NA	NA	NA	-0.647095432537306
Anapc16	NA	NA	0.853559216548914	0.598160111020369	1.25455029961298	0.999151194084432
Ang	NA	NA	NA	NA	0.800311541515192	0.655216259923073
Angptl1	NA	NA	NA	NA	NA	-1.53029472150177
Ank2	NA	NA	NA	NA	-0.866038984048721	NA
Ankrd13b	NA	NA	NA	NA	2.33855984077577	1.55932447431663
Slf1	NA	NA	NA	NA	-0.746433025256275	NA
Ankrd34b	NA	NA	NA	NA	-5.08215963686846	-3.35030913016691
Ankrd37	NA	NA	NA	NA	-1.30033759988946	-1.32775672032164
Ankrd50	NA	NA	NA	NA	-0.846719517301864	NA
Ankrd52	NA	NA	NA	NA	-1.25163160934872	NA
Antxr2	2.19018627259307	NA	NA	NA	NA	NA
Anxa1	NA	NA	NA	NA	-5.81173599004046	-6.62855211409374
Aoah	NA	NA	NA	NA	NA	-2.31483848114099
Apbb1	NA	NA	NA	0.875068978476775	NA	0.677915670223849
Apbb2	NA	NA	NA	NA	-0.683669182399108	NA
Apc	-0.70456431525244	NA	NA	NA	NA	NA
Aph1b	NA	NA	NA	NA	NA	-1.18609851911594
Apln	NA	NA	NA	NA	-4.98959086771725	-3.72933355702479
Apobec2	-0.864777721891159	NA	NA	NA	NA	NA
Apoc1	5.23306889353428	NA	NA	NA	NA	NA
Apold1	NA	NA	NA	NA	NA	-4.61837260824674
Aqp4	NA	NA	NA	NA	-4.32133859409568	NA
Arap2	NA	NA	NA	NA	-1.39093032162176	-0.777106501737319
Arfgef1	NA	NA	NA	NA	NA	-0.594629162562352
Arhgap22	NA	NA	NA	NA	0.643347262809528	NA
Arhgap29	NA	NA	NA	NA	-0.778318019209984	NA
Arhgap44	NA	NA	NA	NA	NA	-3.20426687669481
Arhgap5	NA	NA	NA	NA	-0.952316235061529	-1.02556903828878
Arhgef4	NA	NA	NA	NA	NA	1.00879980214432
Arhgef7	NA	NA	NA	NA	-0.679178228025143	NA
Arid1a	-0.62939042487039	NA	NA	NA	NA	NA
Arid4a	-0.631381308581917	NA	NA	NA	NA	NA
Arl2bp	NA	0.61104510944853	NA	NA	NA	NA
Arl5b	NA	NA	NA	NA	-1.03891010895576	-0.722614082670447
Arl5c	NA	NA	NA	NA	-0.948985333126302	NA
Arl8a	NA	NA	NA	NA	0.707318383325879	0.787951668929116
Armc3	NA	-0.836123095513168	NA	-0.672236692321648	NA	-0.614808891209175
Arnt2	NA	NA	NA	NA	NA	-3.54079791925409
Arntl	NA	NA	1.18637708871718	NA	1.23707045452877	0.774676549330787
Arrb2	NA	NA	NA	NA	0.776412110746273	0.779047674174241
Arrdc2	NA	NA	NA	NA	0.795266006435443	0.768437425914849
Asb1	NA	NA	NA	NA	-0.903162573462719	NA
Asb10	NA	NA	NA	NA	-0.652346960355874	NA
Asb2	-0.615949374701976	NA	-0.894680723180164	NA	-0.719223211877269	NA
Ascc3	NA	NA	NA	NA	-0.876808745540409	-0.885640281208985
Ash1l	NA	NA	NA	NA	-0.61650923250185	NA
Asns	NA	NA	-2.34839015199234	-1.98171086706342	-1.79264093431538	-1.42596164938646
Asph	NA	NA	NA	NA	-0.598162521241088	-0.603325404984677
Asrgl1	NA	NA	NA	NA	NA	0.784591980680247
Atad2b	NA	NA	NA	NA	-1.11278156783525	-0.978407406751974
Atf3	NA	NA	NA	-0.702303923443219	NA	NA
Atf7	NA	NA	NA	NA	-0.835599686223288	-0.643070116361899
Atf7ip	NA	NA	NA	NA	-0.871755100325374	NA
Atg16l2	NA	NA	0.847775883014369	1.17752399060464	NA	1.13339567252238
Atl3	NA	NA	NA	NA	-0.905242111885379	-0.627352335648252
Atm	NA	NA	NA	NA	NA	-0.706139780779839
Atp11c	NA	NA	NA	NA	NA	-0.955583844254876
Atp13a3	NA	NA	NA	NA	-0.994888233496901	-0.742130898664523
Atp1a1	NA	NA	NA	NA	NA	0.629471425684835
Atp1a2	NA	NA	NA	NA	NA	-1.86197538427442
Atp1b2	NA	NA	NA	NA	-3.42525779578457	NA
Atp6v0a2	NA	NA	NA	NA	-0.743999139203142	NA
Atr	NA	NA	NA	NA	NA	-1.0710969533318
Atrx	NA	NA	NA	NA	-0.627112620990227	NA
Atxn1	NA	NA	NA	NA	-1.09550429267254	-0.983468371506485
Atxn7l2	NA	NA	NA	NA	NA	0.952790049088176
Aurka	NA	NA	-1.27641080356399	-1.47451388453041	NA	NA
Avl9	NA	NA	NA	NA	NA	-0.745435341667812
Avpr2	NA	NA	NA	NA	-3.45497334497103	NA
Axl	NA	NA	-0.800393689872691	-1.17934562195424	NA	-0.95308607105335
B130034C11Rik	NA	NA	NA	NA	NA	-1.09732423046252
B230208H11Rik	NA	NA	2.36874602448761	NA	NA	NA
B230354K17Rik	NA	NA	NA	NA	-0.859872306976383	NA
B3galnt1	0.841998942585182	NA	1.08303511987388	NA	0.736589408736351	NA
B3gnt3	NA	NA	NA	NA	3.05379334576954	NA
B430010I23Rik	NA	NA	NA	NA	NA	-0.825493902270956
B4galnt1	NA	0.686576374480065	NA	NA	NA	0.659574226068485
B4galnt2	NA	NA	NA	NA	NA	-3.42225464792836
B4galt5	NA	NA	NA	NA	-1.00448841114479	-0.644849630263049
Bmt2	NA	NA	NA	NA	-0.595104333124133	-0.585504808969007
B930059L03Rik	NA	NA	NA	NA	NA	-1.29351660650836
B9d1	NA	NA	NA	NA	NA	-1.69006556239258
B9d2	NA	NA	NA	NA	NA	0.599469102412566
BC005561	NA	NA	NA	NA	NA	-0.832917787600047
BC020402	NA	NA	NA	NA	-1.86484997189909	-2.11085384689055
BC025920	NA	NA	NA	NA	NA	-2.44886527512645
BC037032	NA	NA	NA	NA	NA	-0.718864808307616
BC037704	NA	NA	NA	NA	-1.90285201473273	-1.50360321493539
Bach1	NA	NA	NA	NA	-0.89003027332547	-0.613629547375379
Bag2	NA	NA	NA	NA	NA	-0.867316805040666
Baiap2l1	NA	NA	NA	NA	-1.50472350125679	-0.858429096713976
Bank1	NA	NA	NA	NA	-0.903187739567732	NA
Basp1	NA	NA	-0.62132954708078	NA	NA	NA
Baz1a	NA	NA	NA	NA	-0.724048971880966	-0.62348016801512
Baz2b	-0.767987098574908	NA	NA	NA	-0.882146456230425	NA
Bbs1	NA	NA	NA	NA	1.16601716969503	1.16518483144952
Bbs10	NA	NA	NA	NA	NA	-0.932450752962788
Bcl11a	NA	NA	NA	NA	NA	-1.66395224299169
Bcl2	NA	NA	1.00166191404787	0.888498492915964	NA	NA
Bcl3	NA	NA	-1.58564946375553	NA	NA	NA
Bcl6	NA	NA	-0.667679779626472	NA	NA	NA
Bcl6b	NA	NA	NA	NA	-2.30798004737777	-1.97697521606497
Bdp1	NA	NA	NA	NA	-0.839315716670162	NA
Bend6	NA	NA	-0.602298772031011	NA	-0.631846199046409	-0.632505233997725
Best1	NA	NA	NA	NA	NA	0.948797788341976
Bik	NA	NA	NA	NA	1.12966147563747	0.938201318165081
Birc5	NA	NA	NA	-2.30866804040458	NA	NA
Birc6	NA	NA	NA	NA	-1.11624587528245	-1.00962374509908
Bmf	NA	NA	NA	NA	0.879672828522464	0.713174665461132
Bmp2k	NA	NA	NA	NA	-0.667400139373066	NA
Bop1	NA	NA	NA	NA	NA	0.586063668696336
Brca2	NA	NA	NA	NA	NA	-1.17116325939183
Bre	NA	NA	NA	NA	-0.607691795950272	NA
Brip1	NA	NA	NA	NA	NA	-2.58413671612903
Brsk2	NA	NA	NA	NA	-2.83171556932389	NA
Brwd3	NA	NA	NA	NA	NA	-1.74030308120021
Btaf1	NA	NA	-0.633761599522036	NA	-0.934473359684337	-0.932241207517188
Btbd7	NA	NA	NA	NA	-0.757833202282327	-0.656942927231187
Btg3	3.01266681527711	NA	NA	NA	NA	NA
Btla	NA	NA	NA	NA	NA	-3.98855716924136
Bub1	NA	NA	NA	-6.80698313038722	5.42968608481555	NA
Bysl	NA	NA	-0.602293938108002	NA	NA	NA
Bzw2	NA	NA	NA	0.685145350821151	NA	NA
C030034I22Rik	NA	NA	NA	NA	-1.40754918361686	-0.923067597387378
C030034L19Rik	NA	NA	3.48706886139885	3.25256210523951	NA	NA
Zfp607b	NA	NA	NA	NA	-2.26574935770871	NA
C130050O18Rik	NA	NA	NA	-0.737027596947678	NA	NA
C1rl	NA	NA	-0.843577470633748	NA	-1.01650964586345	-0.721641918880183
C230091D08Rik	NA	NA	NA	NA	NA	-0.714150777958684
C530005A16Rik	NA	NA	NA	NA	-1.93612447323609	NA
C530008M17Rik	NA	NA	NA	NA	NA	-2.58985593019835
C5ar1	NA	NA	0.594516844687747	NA	0.921283852503419	0.826840625175813
C77080	NA	NA	NA	NA	NA	-4.29149516612645
Cabin1	NA	NA	NA	NA	NA	0.609815583914329
Cables1	NA	NA	NA	NA	0.663245294079256	NA
Cacna1d	NA	NA	NA	NA	NA	-0.643731732076904
Cacna1e	NA	NA	NA	NA	NA	-3.25835493311618
Cacna1s	-1.29421838522163	-1.32198917177096	NA	NA	NA	NA
Cadps2	NA	NA	NA	NA	-2.00584454012708	-1.65709310816128
Cahm	NA	NA	NA	NA	NA	-0.98811894087387
Calcoco1	NA	NA	NA	NA	0.62682118941995	NA
Calm3	NA	NA	NA	NA	0.603988863998764	NA
Camk2b	3.11663128809866	2.11567777784962	1.54943874487931	NA	2.00913715941707	1.00818364916802
Camp	23.6612097317608	8.78613524887936	NA	-14.8734435659259	-6.2034673747409	-21.0785418576224
Capg	NA	0.613269007848969	NA	NA	NA	NA
Capn1	0.84082261439455	1.00632427922828	NA	0.771591121866766	0.741169525616242	0.906671190449974
Capn2	NA	NA	NA	NA	NA	0.817415482951314
Capns2	NA	NA	NA	NA	NA	-1.83118669011432
Car11	NA	NA	NA	NA	NA	0.969186850714985
Car14	NA	NA	NA	NA	NA	-5.87657527626897
Car2	NA	NA	NA	NA	3.77598936828154	NA
Card10	NA	NA	NA	NA	3.32605285634971	NA
Card11	NA	NA	NA	NA	-1.69247683247194	NA
Carhsp1	NA	1.03575257377875	NA	0.712399077112923	NA	0.679605179733201
Knl1	NA	NA	NA	-4.46419732658671	NA	-2.79539679448875
Casp3	NA	NA	0.64821635052949	NA	NA	NA
Cass4	NA	NA	-0.697371175105499	NA	-0.74760699948681	NA
Casz1	NA	NA	NA	NA	NA	0.757194586646327
Cav1	NA	NA	NA	-2.69897868775349	NA	NA
Cav2	NA	NA	NA	-0.866127312544538	-0.782164852669368	-1.03012050738661
Cbl	NA	NA	NA	NA	-1.084320920938	-0.704010762218596
Cbr3	NA	NA	NA	NA	0.898311740612194	0.996156930772347
Cbwd1	NA	NA	NA	NA	NA	-0.743669970259438
Cbx5	NA	NA	NA	NA	-0.943046723661187	-0.91547066706304
Cc2d1a	NA	NA	NA	NA	NA	0.656280456380737
Kyat3	NA	NA	0.615189752458732	NA	NA	NA
Sgf29	NA	NA	NA	NA	0.650326347087706	NA
Ccdc102a	NA	NA	NA	0.788471985307089	NA	0.869377509989572
Ccdc109b	1.85600556491661	NA	NA	NA	NA	NA
Ccdc122	NA	NA	NA	NA	-0.945878826838666	-0.641502110562915
Ccdc137	NA	NA	NA	NA	0.646077183098386	NA
Ccdc146	NA	NA	NA	NA	NA	-2.64287899126304
Ccdc15	NA	NA	NA	NA	NA	-1.63594775827283
Ccdc152	NA	NA	NA	NA	-2.96689118932854	-2.46099259204008
Ccdc155	NA	NA	NA	NA	-3.97192376502047	-5.05990495357611
Ccdc17	NA	NA	NA	NA	-0.852478161370987	-0.928602542579943
Ccdc171	NA	NA	NA	NA	NA	-0.856093574052935
Ccdc50	NA	NA	NA	NA	-0.859112463501519	-0.836710517899321
Ccdc62	NA	NA	NA	NA	-0.95093514770643	-0.872948150047499
Cck	NA	NA	NA	NA	NA	-2.71724073066211
Ccl12	NA	NA	NA	NA	-1.01055141667261	-1.29013494620533
Ccl2	NA	NA	NA	NA	NA	-1.01893288758189
Ccl22	NA	NA	NA	NA	NA	-2.89226156466322
Ccl25	NA	NA	NA	NA	NA	-1.37287242325622
Ccna2	NA	NA	-2.02308513629566	-2.39506511507978	NA	-1.1816561658811
Ccnb1	NA	-3.59353848496769	NA	-2.27077221861409	NA	-1.4787669399306
Ccnb2	NA	-2.71119997036484	NA	-2.64400784491244	NA	NA
Ccnc	NA	NA	NA	NA	NA	-0.620467780769353
Ccnd1	-0.767765191979566	-0.826597999053276	-0.803756952752867	-0.862589759826578	NA	NA
Ccnd3	NA	NA	NA	NA	0.98779538306859	0.749425157293706
Ccne2	NA	NA	-2.24807557063802	NA	-1.97785894630176	-1.58795356497805
Ccnjl	NA	NA	NA	NA	2.61049052051429	2.40096482228205
Ccp110	NA	NA	NA	NA	NA	-1.2207414608115
Ccr1	NA	NA	NA	NA	NA	-0.769060208002139
Ccr3	NA	NA	NA	NA	-2.13877366703662	NA
Ccr5	NA	NA	NA	NA	-0.673476732227551	NA
Ccr6	NA	NA	-1.80847901892287	NA	NA	NA
Cd14	NA	NA	NA	NA	0.601294593113728	NA
Cd151	NA	NA	NA	NA	1.47563461270363	1.18850817604393
Cd177	NA	-9.78054267506953	NA	-11.4965925432514	-20.3119013703581	-31.6557176001072
Cd180	-0.58940073453934	NA	-1.18390384590113	-0.910072802183898	-1.42543255429344	-1.15160151057621
Cd1d1	NA	NA	0.879727762413377	0.698612421339741	NA	NA
Cd209a	NA	NA	NA	NA	-7.59459454443953	-7.30309585727209
Cd209f	NA	NA	NA	NA	NA	-4.35190586717322
Cd24a	NA	NA	NA	NA	NA	-3.21809717588187
Cd276	NA	NA	-0.643545953437323	NA	NA	NA
Cd300c	NA	NA	NA	NA	NA	-3.83467429957829
Cd300lf	NA	NA	1.70243468340809	NA	NA	NA
Cd33	NA	NA	NA	NA	-0.675645789872768	NA
Cd52	-0.818095120612341	-0.794156880043784	-0.934823527139126	-0.910885286570569	-0.734174189566624	-0.710235948998067
Cd9	NA	NA	NA	NA	NA	-0.638551223753115
Cdc20	NA	NA	NA	-1.73824183364335	NA	NA
Cdc42bpa	NA	NA	NA	NA	-1.28313783936076	-0.768116350417923
Cdc42ep1	NA	2.09133936228032	NA	1.94930964599949	NA	2.16189672828738
Cdc6	NA	NA	-3.79133676514327	NA	NA	NA
Cdca2	NA	NA	NA	-2.73687618973563	NA	NA
Cdca3	NA	NA	NA	-1.96138007200792	NA	-1.51569369527336
Cdca7	NA	NA	NA	NA	-0.701274132081526	-0.656060581680468
Cdh23	NA	NA	NA	NA	NA	0.606095470266404
Cdh5	NA	NA	NA	NA	-2.35551969295472	-2.86227131550589
Cdk1	NA	NA	NA	-0.867659550069862	NA	-0.752248864516532
Cdk12	NA	NA	NA	NA	-0.607059412944808	NA
Cdk13	NA	NA	NA	NA	-0.682549511306245	NA
Cdk5rap1	NA	NA	1.10388613711324	NA	1.52377331021743	1.47997410780099
Cdk6	NA	NA	NA	NA	-0.748132476378456	-0.595828290514316
Cdkn1a	NA	NA	-0.985575992591731	-1.24384632476489	NA	NA
Cdo1	NA	NA	5.07209688386042	NA	4.72888988625727	NA
Cdv3	NA	NA	NA	NA	-0.653471057505584	NA
Cebpb	NA	NA	0.614220077370222	NA	1.23622258130279	0.888189237323672
Cebpe	NA	NA	NA	NA	NA	-4.14415500053589
Celsr2	NA	NA	3.72909333912644	NA	4.50530593370631	NA
Cenpc1	NA	NA	NA	NA	NA	-0.607969023588508
Cenpi	NA	NA	NA	NA	NA	-2.01538994248472
Cep131	NA	NA	NA	NA	NA	0.850201633632596
Cep135	NA	NA	NA	NA	-1.11032607849653	-0.741147141458561
Cep152	NA	NA	0.822902833005918	NA	NA	NA
Cep19	NA	NA	NA	NA	1.04189672181895	NA
Cep192	NA	NA	NA	NA	NA	-0.755084585623194
Cep350	-0.63580164888333	NA	NA	NA	-0.744415051707916	NA
Cep83os	NA	NA	NA	NA	NA	-0.768297977691976
Cep85l	NA	NA	NA	NA	-1.15314515251738	-1.16304666053532
Cep95	NA	NA	NA	NA	NA	-1.17927906587471
Cept1	NA	NA	NA	NA	0.653796000443596	NA
Cercam	NA	NA	NA	NA	NA	0.824996489255189
Cers6	NA	NA	NA	NA	NA	-1.1226759896604
Cgref1	NA	NA	NA	NA	NA	-1.77057221528785
Chad	NA	NA	NA	NA	-0.955692216147017	-0.647913371320225
Chaf1b	NA	NA	NA	NA	NA	-3.01154094067818
Chd1l	NA	NA	NA	NA	NA	0.615069672410092
Chd6	NA	NA	NA	NA	-0.652829538255647	-0.647998603375301
Chd8	NA	NA	NA	NA	-0.630015389941457	NA
Chd9	NA	NA	NA	NA	-1.11547225982821	-0.990970327319199
Cherp	NA	NA	NA	NA	NA	0.604086780891642
Chic1	NA	NA	NA	NA	NA	-1.39712367268562
Chil1	NA	NA	NA	NA	-2.18958439626343	-3.55161483148468
Chil3	NA	14.7701817723995	NA	14.6168006364892	-23.5494692115818	-10.2130555004275
Chml	NA	NA	NA	NA	NA	-0.909641692588371
Chst1	-0.709762294603268	NA	NA	NA	-0.591174261424935	NA
Chst11	NA	NA	NA	NA	-0.80201284683014	NA
Chst12	NA	NA	NA	NA	NA	0.585639886262531
Chst15	NA	NA	NA	NA	-0.945917501654349	NA
Chst8	-0.623567354464353	NA	NA	NA	NA	NA
Chtf8	NA	NA	NA	-0.804045555360415	NA	NA
Cir1	NA	NA	NA	NA	0.714680148109608	0.726883857143449
Cirbp	NA	NA	NA	0.949599855963425	NA	NA
Cisd3	NA	NA	NA	NA	NA	0.841956392908239
Ciz1	NA	NA	NA	NA	NA	0.604305973802904
Ckap2	5.19351545197356	NA	NA	NA	NA	-1.96281941095577
Clasp1	NA	NA	NA	NA	-0.752284479205906	NA
Clasp2	NA	NA	NA	NA	-0.868063695643398	NA
Clasrp	NA	NA	NA	NA	NA	0.657449754461637
Clcn5	NA	NA	NA	NA	-1.03571004261123	NA
Clcn6	NA	NA	NA	NA	-1.02570120858756	-0.617141585083137
Clec11a	NA	NA	NA	NA	NA	-1.2032323604489
Clec1b	NA	NA	NA	NA	-1.42496535827307	NA
Clec7a	NA	NA	NA	-0.787568495502507	NA	NA
Clic4	NA	NA	NA	NA	NA	-0.61813727245485
Clip1	NA	NA	-0.946691289250066	-0.616403634584662	-0.761399693773458	NA
Clip2	NA	NA	-0.707666066483223	NA	-1.02679651273568	NA
Clk3	NA	NA	NA	NA	0.644525092661102	NA
Clmp	NA	NA	NA	NA	-2.78738003337047	-2.58787644376939
Clock	NA	NA	NA	NA	-0.670630901815406	NA
Clu	NA	NA	NA	NA	NA	-2.09677865139366
Cmas	NA	NA	0.605362034123623	0.641048199336302	0.754131764581265	0.789817929793944
Cnot3	NA	NA	NA	NA	NA	0.707813578330457
Cnot6l	NA	NA	NA	NA	-0.79537857483405	-0.692534236272125
Cntln	NA	NA	NA	NA	NA	-1.20115755997685
Cntnap1	NA	NA	NA	NA	NA	3.82293397051963
Cntrl	-0.93202040045826	NA	NA	NA	-1.28587710354078	-0.8348249134183
Coa7	NA	NA	NA	0.613866887836891	NA	NA
Col25a1	NA	NA	NA	NA	NA	-2.00730583623395
Col6a3	NA	NA	-0.674791063602812	NA	-1.09429432490281	-0.661388954787725
Col8a2	NA	NA	NA	NA	NA	-4.72174212003801
Cotl1	NA	NA	NA	NA	0.872280879559769	0.880296197537756
Cox6a2	NA	NA	NA	NA	-0.854139968810228	-0.658419385005534
Cpd	NA	NA	NA	NA	-0.961189312227044	-0.946209532164774
Cpeb2	0.755854245132735	NA	NA	NA	NA	NA
Cpeb4	NA	NA	NA	-0.62620044309054	-0.961888251960204	-1.10193547873972
Cpq	NA	NA	-1.09067120224629	-1.39652400203634	NA	-0.620732582006601
Cpsf3l	NA	NA	NA	NA	0.608189738827237	NA
Cracr2b	NA	NA	NA	NA	0.620909691302579	NA
Creb1	NA	NA	NA	NA	-0.585647711917718	NA
Creb5	NA	NA	NA	NA	-1.43471561562563	-1.17608818248615
Crebrf	NA	NA	NA	NA	-0.687576539927315	-0.642428735970611
Crispld2	NA	NA	NA	NA	NA	-5.69224790245875
Cry1	NA	NA	-0.63627658594615	NA	NA	NA
Cry2	NA	NA	-0.855557117045544	NA	NA	NA
Crybb1	NA	NA	NA	NA	1.08253133952602	1.00560983611086
Csf2ra	NA	NA	-0.606408205236158	NA	NA	NA
Csf2rb2	NA	NA	NA	NA	-0.697185755208197	NA
Csmd3	NA	NA	NA	NA	-0.718503924593307	-0.823248613692746
Csrp1	NA	NA	NA	-1.47459208878504	NA	-1.16912638821989
Cst7	NA	NA	-1.47302325063939	-1.68357878768837	-1.28637568116753	-1.49693121821651
Cstf3	NA	NA	NA	NA	NA	-0.800315765722732
Ctc1	NA	NA	NA	NA	0.59500405518532	NA
Ctla2b	NA	NA	NA	NA	0.76881696956865	NA
Ctnnd1	NA	NA	NA	NA	-0.614492357038748	NA
Ctse	4.51573140505521	5.35514843843035	2.2535335405142	3.09295057388934	1.69414756480457	2.53356459817971
Cubn	NA	NA	2.69921617150247	NA	NA	NA
Cul9	NA	NA	NA	NA	-0.64324879952918	NA
Cwf19l1	NA	0.674243375596864	NA	NA	NA	NA
Cxcl10	NA	NA	-1.83030404030656	NA	-1.89306353580706	-1.74667490598044
Cxcl11	NA	NA	NA	NA	NA	-5.83709630539986
Cxcl13	-4.51696344713117	-5.12837997801242	NA	NA	NA	-3.72419137059341
Cxcl16	NA	NA	NA	-0.586778498905432	NA	-0.616491518696145
Cxcl17	NA	NA	NA	NA	-1.82943227939165	-1.56822373968278
Cyb561a3	NA	NA	-0.677655663699592	-0.605810512885618	-0.829187540027989	-0.757342389214016
Cyb5rl	NA	NA	-0.651484779955566	NA	-0.816309566906004	NA
Cyld	NA	NA	NA	NA	-0.602904106373778	NA
Cyp46a1	NA	NA	NA	NA	NA	1.09128044379021
Cyp4f16	0.844737419882628	1.03425805720832	0.933716936332247	1.12323757365794	NA	0.736579600234291
Cyp4f18	1.597094423731	NA	1.32647078509991	NA	1.6091387415855	1.0707130183749
D10Jhu81e	NA	NA	NA	NA	NA	0.658860662117356
D130020L05Rik	NA	NA	NA	NA	NA	-0.934772708641201
D16Ertd472e	-1.42852342267419	-1.41414058490438	-1.33602117281211	-1.3216383350423	-1.31692468347903	-1.30254184570922
D17H6S56E-5	NA	NA	NA	NA	-0.77016455558396	-1.05347536859296
Spout1	NA	NA	NA	NA	0.601152345014918	NA
D330023K18Rik	NA	NA	NA	NA	-0.723051649998451	-0.915454777633985
D330045A20Rik	NA	NA	1.24642036914011	NA	NA	NA
D630045J12Rik	NA	NA	-0.858551759831954	NA	NA	NA
D730005E14Rik	NA	NA	NA	NA	-1.09366955776519	-1.12256278254962
D7Ertd443e	NA	NA	NA	NA	-3.70818618922265	-2.00063477677729
Daam1	NA	NA	NA	NA	-0.640649024139958	NA
Dact1	NA	NA	-1.58108818508992	NA	NA	NA
Dalrd3	NA	NA	NA	NA	0.641776635204953	NA
Dapk1	NA	NA	NA	NA	NA	-0.721298448372489
Dbndd1	NA	NA	NA	NA	-4.38879524167634	NA
Dbndd2	NA	NA	NA	NA	0.587799457778152	NA
Dbp	NA	NA	-1.59924014463609	-1.40824834109832	-0.943342924963563	-0.752351121425798
Dcbld2	NA	NA	NA	NA	-0.815932673943646	-0.62574404078315
Dcp1b	NA	NA	NA	NA	NA	0.73124329198597
Dcp2	NA	NA	NA	NA	-0.604375349397703	-0.743864329615248
Ddhd2	NA	NA	NA	NA	-0.643014949736158	NA
Ddit4	3.50946851519307	NA	4.50317818359416	2.67941383405323	3.01253095869903	1.1887666091581
Ddo	NA	NA	NA	NA	NA	-5.54704376696481
Ddx17	-0.804242630641167	NA	-0.872875704155279	NA	NA	NA
Ddx23	NA	NA	NA	NA	-1.5473464252808	-1.29375170860325
Ddx3y	NA	NA	NA	NA	1.95826115911016	NA
Ddx41	NA	NA	NA	NA	0.832090894835778	NA
Ddx60	NA	NA	NA	NA	-0.967067274767923	-1.4078728065406
Def6	NA	NA	NA	NA	NA	0.596775890032963
Degs2	NA	NA	NA	NA	NA	-1.14963065181267
Dennd1b	NA	NA	NA	NA	NA	-0.5960597609824
Dennd4a	NA	NA	NA	NA	NA	-0.603990031727065
Deptor	NA	NA	NA	NA	0.627603951357187	0.590047181889714
Dexi	NA	NA	NA	NA	NA	0.593200822755803
Dffa	NA	NA	NA	NA	NA	0.586349668892736
Dgkd	NA	NA	-0.669943946004011	NA	-0.821935497606718	NA
Dhcr24	NA	NA	-4.52916979697059	-4.21118205782638	NA	NA
Dhcr7	NA	NA	-0.700116527389322	NA	NA	NA
Dhrs11	NA	NA	NA	NA	NA	0.599661135965893
Dhx9	NA	NA	NA	NA	-0.753768939351203	-0.917792159328798
Diap2	NA	NA	NA	NA	-0.643712992546875	-0.605938170030831
Dicer1	NA	NA	NA	NA	-1.10413831544958	-0.972434031656735
Dido1	NA	NA	NA	NA	-0.694184045092898	-0.936561718156544
Dis3	NA	NA	NA	NA	-0.654062508144824	NA
Dixdc1	NA	NA	NA	NA	NA	-2.08955807400965
Dlc1	NA	NA	NA	NA	-1.09236079243387	-1.09094565903303
Dlec1	NA	NA	NA	NA	NA	-2.02883513206369
Dleu2	NA	NA	NA	NA	0.779749026111559	NA
Dlg5	-3.2368948371648	-2.6095398507244	NA	NA	NA	NA
Dlgap4	NA	NA	NA	NA	0.585168639678531	0.611585825538341
Dmrtb1	NA	NA	NA	NA	1.62050164277193	1.18628263250059
Dmtn	NA	NA	NA	NA	0.755503933251242	0.69937580524609
Dmxl1	-0.685234210897748	NA	NA	NA	-1.71907214768107	-1.1578165388011
Dmxl2	NA	NA	NA	NA	-1.68818182701455	-1.41664193157551
Dnaaf5	NA	NA	NA	NA	NA	0.610638333919824
Dnah17	NA	NA	NA	NA	-2.59868855961754	-2.30062090855829
Dnajc12	NA	NA	0.699241445082968	NA	NA	NA
Dnase1l1	NA	NA	NA	1.09444967179657	NA	NA
Dnmt3a	NA	NA	NA	NA	-0.686956350302216	-0.608506080691539
Dnmt3aos	NA	NA	NA	NA	NA	-4.25926380041149
Dnpep	NA	NA	NA	NA	0.712370461732413	NA
Doc2a	NA	NA	NA	NA	0.73761459163065	0.633309025270301
Dock7	NA	NA	NA	NA	-0.886116779552257	-0.620184220620807
Dok3	NA	NA	NA	NA	1.07536876359909	1.0885583705323
Dopey2	NA	NA	NA	NA	-0.621166522071626	NA
Dph1	NA	0.592688489535334	NA	NA	NA	NA
Dpy19l3	NA	NA	NA	NA	-0.657750918801138	-0.622083361597287
Dpy19l4	NA	NA	NA	NA	NA	-0.795478365548463
Dpysl2	NA	NA	NA	NA	-0.80182419312972	-0.897734714345929
Dr1	NA	NA	NA	NA	NA	-0.594004950515808
Dsel	NA	NA	NA	NA	NA	-0.955478338750324
Dsn1	NA	NA	NA	NA	NA	-0.766381128678222
Dsp	NA	NA	NA	NA	5.39119107221721	6.61106484581774
Dtl	NA	-5.80769139131557	NA	-5.88797155596239	NA	-5.81124616277978
Dtwd2	NA	NA	NA	0.846254213986116	-0.726491783404643	NA
Dtx2	NA	NA	NA	NA	0.654141655972532	NA
Dtx3l	NA	NA	NA	NA	-0.619292201720668	NA
Duoxa1	NA	NA	-1.45194370025605	-1.13493033730602	-1.40427790494548	-1.08726454199545
Dus3l	NA	NA	NA	NA	0.631527295141937	0.623768602002729
Dusp1	NA	NA	2.26774358181952	1.98018008572203	2.06141594518005	1.77385244908256
Dusp28	NA	NA	NA	NA	0.684376452807021	0.641262747993994
Dut	NA	NA	NA	-0.74175638879286	NA	-0.62780328919366
Dvl1	NA	NA	NA	NA	NA	0.788892230643366
Dync1h1	NA	NA	NA	NA	-0.615361835675523	NA
Dync2h1	NA	NA	NA	NA	NA	-1.01044448293039
Dynlt1b	1.37231057142818	0.993935862302429	1.27758106528027	0.899206356154522	1.23938684827753	0.861012139151777
Dynlt1f	NA	NA	NA	NA	2.27042671811019	NA
E130012A19Rik	NA	NA	NA	NA	NA	0.756049389804337
E130215H24Rik	NA	NA	NA	NA	NA	-0.98124685226717
E130317F20Rik	NA	NA	NA	NA	-0.902319232635449	-0.991245837956017
E230013L22Rik	NA	NA	-0.897405412584511	NA	NA	NA
E2f1	NA	NA	NA	-1.49149072950406	NA	NA
E330020D12Rik	NA	NA	NA	NA	NA	-1.25202774678091
E330033B04Rik	NA	NA	NA	NA	NA	-0.742112583198664
E4f1	NA	NA	NA	NA	0.897961291590523	0.80987023541456
E530011L22Rik	NA	NA	NA	NA	NA	-1.92997079833948
Ebi3	-0.68410377197266	NA	-0.923414034209629	-0.691850865512761	-0.983648931177681	-0.752085762480813
Ece1	NA	NA	NA	NA	NA	0.604527039777075
Edn1	NA	NA	NA	NA	NA	-1.40426215042687
Eef1a1	NA	NA	NA	NA	-0.673213015225029	NA
Efcab11	NA	NA	NA	NA	NA	-3.27486323850878
Efcab7	2.39492534428638	NA	2.34806778072402	NA	NA	NA
Egf	NA	NA	NA	NA	NA	-3.59508884812694
Ehd1	NA	NA	NA	NA	NA	-1.41292026906076
Eif2ak2	NA	NA	NA	NA	NA	-0.632365823652306
Elavl3	NA	NA	NA	NA	NA	2.17321520859861
Elavl4	NA	NA	-1.11199760453091	-1.1132621272611	-1.26847708713681	-1.269741609867
Eldr	NA	NA	NA	NA	NA	-4.76446394239971
Elk4	NA	NA	NA	NA	-0.70621752345457	-0.754238929161692
Elmo2	NA	NA	NA	NA	0.678197092570834	0.625661417363268
Elmo3	NA	NA	NA	NA	-3.53808296191415	NA
Elmsan1	NA	NA	NA	NA	-0.60449421254024	NA
Elovl7	NA	NA	NA	NA	NA	-5.69007912681609
Emd	NA	NA	NA	NA	NA	1.02290682769914
Emilin2	NA	NA	NA	4.39339465581028	NA	NA
Eml2	2.63015484674804	3.41006215611056	NA	NA	NA	NA
Eml6	NA	NA	NA	NA	NA	-0.667777873013212
Emp3	NA	0.701959883065506	NA	NA	0.748228541844152	0.876506645937376
Enpp4	NA	NA	NA	NA	-0.654970738743878	NA
Ep300	NA	NA	NA	NA	-0.905031568747882	-0.622007668693299
Epha1	NA	NA	NA	NA	NA	-1.35864175853623
Epm2aip1	NA	NA	NA	NA	-0.786625873272343	-0.940528457896743
Ercc1	NA	NA	NA	NA	0.664339141746732	0.606987032942466
Erdr1	-2.27307877434671	NA	NA	NA	NA	NA
Eri2	NA	NA	NA	NA	-0.844380709839449	NA
Ero1lb	-1.41286368488401	-1.47729776443302	-1.22016992167806	-1.28460400122706	-1.17326129140574	-1.23769537095475
Esrrg	NA	NA	NA	NA	-4.2821633397256	-5.32309879236037
Ethe1	NA	NA	NA	NA	0.682600629414326	0.599250753817708
Etnk1	NA	NA	NA	NA	NA	-0.672964546999275
Etv1	NA	NA	-0.595533392726136	-0.663151759962138	NA	NA
Etv4	NA	NA	NA	NA	-3.8595803992481	NA
Eva1b	NA	NA	NA	NA	0.619618836268244	0.677732407115074
Evi2a	NA	NA	-0.662703588087305	NA	-0.825323710020584	-0.707657116266486
Eya4	NA	NA	NA	NA	-1.84772219536633	-1.08157660224265
Ezr	NA	NA	NA	NA	1.06380356645631	0.833258644959121
F630206G17Rik	NA	NA	NA	NA	NA	-4.38307877495266
F9	0.743912976986924	NA	NA	NA	NA	NA
Fads3	NA	NA	NA	-1.80957664218324	NA	-1.58488490994415
Fam120aos	NA	NA	NA	NA	NA	-0.878062388741752
Fam122b	NA	NA	NA	NA	NA	-0.875922615567665
Fam126a	NA	NA	NA	NA	NA	-0.774816211671578
Fam126b	NA	NA	NA	NA	NA	-0.597817810206124
Fam129a	NA	NA	NA	NA	-0.932922346754116	NA
Fam167a	NA	NA	NA	NA	NA	-5.58616968865919
Fam167b	-0.625142945720495	NA	-0.604733944889826	NA	NA	NA
Fam168a	NA	NA	NA	NA	0.841344153851837	0.587593174985338
Fam175a	NA	NA	NA	NA	NA	-0.593268279763428
Fam196b	NA	NA	NA	NA	NA	-1.39450216572439
Fam199x	NA	NA	NA	NA	-0.722873062601919	-0.816514700235562
Fam208a	NA	NA	NA	NA	-0.693378955307237	-0.592330050128082
Fam208b	NA	NA	NA	NA	-0.7666532172364	NA
Fam20c	NA	NA	-0.72536120075987	NA	NA	NA
Fam21	NA	NA	NA	NA	0.588608082558202	0.63324585011269
Fam210a	NA	NA	NA	NA	-0.590581169733908	-0.60588349957555
Fam213a	NA	NA	NA	-0.93557786022704	NA	-0.597848457772454
Fam214a	NA	NA	NA	NA	NA	0.886967122315332
Fam219a	NA	NA	NA	NA	0.666773194977873	NA
Fam26f	-0.84976335291161	NA	-0.908497657291192	NA	-0.938498530070524	-0.61963045999227
Fam43a	1.65867603286842	NA	1.9385412911677	NA	2.2527016148911	0.858672336458611
Fam46c	NA	NA	NA	NA	-0.666618916871238	-0.655375817989571
Fam64a	NA	NA	NA	-3.73111418720667	NA	NA
Fam76b	NA	NA	NA	NA	-0.635022690605372	-0.721081130572935
Fam92a	NA	NA	NA	-0.585268978520471	NA	-0.930955065308396
Fan1	NA	NA	NA	NA	-1.14697327271625	-0.869527571287233
Fancg	NA	NA	NA	NA	0.598693764251045	NA
Far2	NA	NA	NA	NA	-2.23210679918239	-2.15740007511201
Fastkd5	NA	NA	NA	NA	-0.625886666070409	NA
Fat3	NA	NA	NA	NA	-1.39072559587822	-2.06661262022525
Fblim1	NA	NA	-0.834556895722609	-0.606230484316355	NA	NA
Fbrsl1	-0.67019559907247	NA	-0.818109698102263	NA	-0.631608211832861	NA
Fbxl12	NA	NA	NA	NA	0.935604283009494	NA
Fbxl8	-0.77320319279821	NA	NA	NA	NA	NA
Fbxo17	NA	NA	NA	NA	1.57770387438243	1.82878964415849
Fbxo2	NA	NA	NA	NA	NA	-4.3791316884728
Fbxo30	NA	NA	NA	NA	-0.929323494263457	-0.875119324555465
Fbxo36	NA	NA	NA	NA	NA	-0.827985309706988
Fbxo40	NA	NA	NA	-4.91886554768281	NA	-3.40804425701673
Fbxo42	NA	NA	NA	NA	-0.602993243133108	NA
Fbxo47	NA	NA	NA	NA	NA	-2.0898366961328
Fbxo48	NA	NA	NA	NA	NA	-2.99394629332064
Fcgr3	NA	NA	0.591290390406289	NA	0.803267852598702	0.637045687958658
Fchsd2	NA	NA	-0.615030386977669	NA	-0.814533587727129	-0.590755406987916
Fcnb	9.65132429837398	21.0694328785169	NA	9.97830881490771	-20.348675701626	-8.93056712148305
Fcrls	NA	NA	NA	-0.668089823551943	NA	NA
Fem1b	NA	NA	NA	NA	-0.951094248120991	-0.794072781521309
Fem1c	NA	NA	NA	NA	NA	-0.709722032109376
Fgfbp3	NA	NA	-1.63953889864329	-2.15889034945073	NA	-1.28696240364595
Fgl2	NA	NA	NA	NA	-1.26756747328435	-1.37066731267977
Fgr	NA	NA	NA	NA	-1.20533308449215	-1.15629769392429
Fignl1	NA	NA	NA	NA	NA	-1.87727307297244
Fkbp5	1.47535034154997	NA	2.29627218929848	1.27922031696035	2.2765703916623	1.25951851932417
Fkbp6	NA	NA	NA	NA	-4.5349096973493	NA
Flnb	NA	NA	NA	NA	-0.775233342778398	NA
Flt3	2.28639906129168	NA	NA	NA	NA	NA
Fmn1	NA	NA	NA	NA	-1.08420778730463	-0.923529687771524
Fnbp4	NA	NA	NA	NA	-0.676961379693722	-0.586980207850017
Fndc4	NA	NA	1.10572741032035	NA	NA	0.880645288719235
Fndc7	NA	NA	NA	NA	-2.75096393327753	-2.72043536156452
Fnip2	NA	NA	NA	NA	-0.987622511169238	NA
Folr2	NA	NA	NA	NA	NA	-1.40817689169892
Foxn2	1.02904042887928	NA	0.864551471638911	NA	NA	-0.794495269472809
Foxp4	NA	NA	NA	NA	NA	1.42712676964959
Fpgt	NA	NA	NA	NA	NA	-0.636290310746816
Frat2	NA	NA	NA	NA	0.856460574359891	0.769411289008147
Frs2	NA	NA	NA	NA	-0.725581011174323	-0.749984781108154
Fry	NA	NA	NA	NA	-0.734657471194404	NA
Fryl	NA	NA	NA	NA	-1.16274101569322	-0.90178505008489
Fus	NA	NA	NA	NA	-1.28245049089027	-0.662572279414066
Fv1	NA	NA	NA	NA	NA	-1.15436989972883
Fxn	NA	NA	NA	NA	NA	0.709571366518431
Fxyd5	NA	NA	NA	NA	0.780122018769657	NA
Fzd6	NA	NA	NA	NA	-5.86825697325924	-4.70422079030547
Fzd9	NA	NA	NA	NA	-4.16543054740444	-2.70212741591551
G2e3	NA	NA	NA	NA	NA	-0.645010416995352
G530011O06Rik	-2.20465151374535	-2.73460764666583	-2.25566035770974	-2.78561649063022	-1.34532131902162	-1.8752774519421
G6pd2	NA	NA	NA	NA	NA	0.861225297607487
G6pdx	NA	NA	NA	NA	0.679865801003062	NA
Gab3	NA	NA	NA	NA	NA	0.789205799143038
Gabpb2	NA	NA	NA	NA	NA	-0.658075526851035
Gadd45a	NA	NA	NA	NA	NA	1.38468125762314
Galnt6	NA	1.33564093418982	NA	1.34588176096197	NA	NA
Gas2l1	NA	NA	NA	NA	0.730167424428433	NA
Gas6	NA	NA	NA	NA	-0.600677040057437	NA
Gatad2b	NA	NA	NA	NA	NA	-0.794758413606979
Gba2	NA	NA	NA	NA	0.631673043169999	NA
Gbf1	NA	NA	NA	NA	-0.709931285386474	NA
Gbp5	NA	NA	NA	NA	-1.49826577121563	-1.1795883183659
Gbp6	NA	NA	NA	NA	NA	-2.31627755322225
Gbp7	NA	NA	NA	NA	0.664305012625264	0.674807999325465
Gbp9	NA	NA	NA	NA	NA	-0.687553257656826
Gca	NA	NA	NA	NA	-1.01399973370227	-0.827655645952657
Gcm2	NA	NA	-6.37081765903219	-7.49791631285373	NA	NA
Gcnt2	1.4693006296211	1.0605313688449	0.819665377866747	NA	0.755364216625151	NA
Gcnt7	NA	NA	NA	NA	NA	-0.627840507867149
Gdap10	NA	NA	NA	NA	-1.50648036241882	-1.54944355913685
Gfod2	NA	NA	NA	0.879331729264546	NA	NA
Ggnbp2os	NA	NA	NA	NA	NA	-0.956380350032601
Gins2	NA	NA	NA	NA	NA	-0.705223907791519
Glrp1	NA	NA	NA	NA	-0.871869316948219	-0.671996938418346
Gls	NA	NA	NA	NA	-1.03164635068377	-0.850671669371476
Glul	NA	NA	NA	NA	0.663040702139462	NA
Gm10509	NA	NA	NA	NA	NA	-0.591087497706411
Gm10578	NA	NA	NA	NA	-3.10814157844034	-3.85626019551997
Gm10658	NA	NA	NA	NA	NA	-2.80528039042258
Gm10785	NA	NA	NA	NA	NA	-1.39488849752679
Gm11545	NA	NA	NA	NA	NA	-0.596308866007835
Gm11944	NA	NA	NA	NA	NA	-1.21258539363228
Gm12522	NA	NA	NA	NA	-1.1101918982996	-1.59947689691707
Gm13710	NA	NA	-2.12926631141648	NA	-2.28442844530715	-2.20044628416014
Gm13889	NA	NA	-1.23667383522104	NA	-1.0904986830657	NA
Gm14023	NA	NA	NA	NA	-1.17375048961668	-1.22263147442385
Gm14092	NA	NA	NA	NA	NA	-4.07903491852628
Gm14325	NA	NA	NA	NA	NA	-0.771045366047198
Gm15326	NA	NA	NA	NA	NA	-2.86957593620501
Gm15612	NA	NA	NA	NA	NA	-5.04051195454594
Gm15708	NA	NA	NA	NA	NA	-1.60341749798451
Gm15800	-0.929642777151708	NA	NA	NA	-1.43138760819894	-1.0184618723355
Gm15850	NA	NA	-1.47712047981203	-1.99866577776585	NA	-1.46093829990166
Gm16576	NA	NA	NA	NA	NA	-0.715824676685009
Gm16617	NA	NA	NA	NA	-1.64449877990334	-1.37512449404779
Gm17066	NA	NA	NA	NA	NA	-0.846065109354198
Gm1821	NA	NA	NA	NA	0.856231048065287	0.811081812538076
Gm19522	NA	NA	NA	NA	NA	-1.85303995864569
Gm1976	NA	NA	NA	NA	NA	-1.3676205594973
Gm20199	NA	NA	NA	NA	-1.72048331318088	-1.86283743533229
Gm20300	NA	NA	NA	NA	NA	-0.758387382093188
Gm21284	NA	NA	NA	NA	-1.63345334099528	NA
Gm2518	NA	NA	NA	NA	-3.47232432279747	NA
Gm29811	NA	NA	NA	NA	NA	-1.97785576682954
Gm3230	NA	NA	NA	NA	-0.828166479910442	NA
Gm3414	NA	NA	NA	NA	-1.49220658009824	-0.863713858453378
Gm3716	NA	NA	NA	-2.16899332680211	-2.00172856191309	-2.97194082553694
Gm4890	NA	NA	NA	NA	-1.70345362039398	-1.74572768392261
Zfp994	NA	NA	NA	NA	-0.63547123545768	NA
Gm5544	NA	NA	NA	NA	-1.11309035286997	-1.75811188521161
Gm5547	NA	NA	NA	NA	-2.57288402304572	-1.94898257356617
Gm6297	NA	NA	NA	NA	-4.85630182207052	-4.31739965797877
Gm6525	NA	NA	NA	NA	NA	-2.73796661077491
Gm6548	NA	NA	NA	NA	NA	-0.77139771116094
Tmem267	NA	NA	NA	NA	-1.5206987082956	NA
Gm7694	NA	NA	NA	NA	-0.994189057580996	NA
Gm8013	NA	NA	NA	NA	NA	-1.34741395659102
Gm826	NA	NA	NA	-1.81345191247388	NA	-1.74098673927385
Gm9776	NA	NA	NA	NA	NA	-0.595476582920479
Got2	NA	NA	NA	NA	NA	0.593352649260253
Gpc4	NA	NA	NA	NA	-4.39448716806692	NA
Gpd1	NA	NA	0.976923057765515	0.676098312523285	1.67853796944583	1.3777132242036
Gpd2	NA	NA	0.670319249103436	NA	NA	NA
Gpr137b	1.21499591749285	1.29478711401964	1.19040215223224	1.27019334875903	0.847900199133136	0.927691395659926
Gpr137b-ps	-3.04447668462961	-3.0334292467189	-2.99728188171686	-2.98623444380614	-3.16963548046592	-3.15858804255521
Gpr162	NA	NA	NA	NA	NA	-0.967514951154622
Gpr19	NA	NA	NA	NA	NA	-1.21537876806387
Gpr37l1	NA	NA	NA	NA	-6.49692127250278	-4.81900097301884
Gpr65	1.69135201108585	0.896396169654601	1.12059578956982	NA	1.26915753880992	NA
Gpr68	NA	NA	NA	NA	NA	-3.85609136328846
Gpr84	NA	NA	-1.15052510372708	-0.842191330964961	-0.877096057059498	NA
Gprc5c	NA	NA	NA	NA	NA	-5.37067756879969
Gpx3	NA	NA	2.89274996013774	NA	NA	NA
Grik4	NA	NA	NA	NA	-5.35333841008164	-4.66974521375427
Grin3b	NA	NA	NA	NA	-2.02188140508937	NA
Grm3	NA	NA	NA	NA	-3.73399958365219	-2.74329206050031
Grtp1	NA	NA	NA	NA	-1.80847694404855	NA
Gsg2	NA	NA	NA	NA	NA	-0.727442011437933
Gsk3a	NA	NA	NA	NA	0.652870041060434	NA
Gstm1	0.805839516400687	1.27147311523632	NA	0.888398380355756	NA	0.96189644975946
Gsto2	NA	NA	NA	NA	-1.84018387535863	-1.35935892477701
Gtf2a1	NA	NA	NA	NA	NA	-0.682662666796919
Gtf2ird1	NA	NA	NA	NA	-0.790715384572914	NA
Gtf3c4	NA	NA	NA	NA	-0.631248945015713	NA
Gtpbp6	NA	NA	NA	NA	0.924584806013096	NA
Guf1	NA	NA	NA	NA	NA	-0.641447211740805
H2-DMb2	NA	NA	NA	0.652744497948749	NA	0.664097075822305
H2-Q5	NA	NA	-1.60880359761396	NA	NA	NA
H2afx	NA	NA	NA	NA	0.702027939337399	NA
Haus8	NA	NA	NA	NA	0.742931962329935	NA
Havcr2	NA	NA	NA	NA	0.634440980596935	NA
Hbegf	NA	NA	NA	NA	NA	0.744094016333059
Hdac10	NA	NA	NA	NA	0.612875047132187	NA
Hdac5	NA	NA	-0.668989404434637	NA	NA	NA
Hdac6	0.930353878122525	0.936028509910162	NA	NA	NA	NA
Hdac9	NA	NA	-0.894968040747224	NA	-1.13979589885945	NA
Hdc	NA	NA	5.52279576830281	NA	NA	-4.78837376481774
Hdgf	NA	NA	NA	NA	0.611238796148884	NA
Heg1	NA	NA	NA	NA	NA	-2.33274976941488
Hells	NA	NA	NA	NA	NA	-2.62267739397207
Herc1	NA	NA	NA	NA	-1.25346995630174	-1.21789135565522
Herc2	NA	NA	NA	NA	-0.745375379858729	-0.620802631621552
Hexim1	NA	NA	NA	NA	NA	0.835191901299785
Hhat	NA	NA	NA	NA	0.8919298312349	0.727870297830965
Hic2	NA	NA	NA	NA	-1.03483524492406	NA
Hif1a	NA	NA	NA	NA	-0.714247063430379	-0.758731993344006
Hif3a	4.28908971537998	NA	4.10092667876488	NA	5.35479192012575	NA
Hinfp	NA	NA	NA	NA	0.785651958850359	NA
Hip1r	NA	NA	NA	NA	-2.30306042143068	NA
Hipk3	NA	NA	NA	NA	NA	-0.596974824982143
Hist1h1e	NA	NA	NA	NA	-1.16862760590903	NA
Hist1h2ba	NA	4.75783028321768	NA	NA	4.16467546313117	4.90246340872812
Hist1h2bc	NA	-0.832431908186951	-0.791125183350273	-1.10009290367881	NA	NA
Hist1h2bg	NA	NA	NA	NA	NA	0.82430489496793
Hist1h3e	NA	NA	NA	NA	-3.14761937079848	NA
Hist1h4c	NA	NA	-2.09419995275214	NA	NA	NA
Hist1h4d	NA	NA	NA	NA	-0.922039848164745	NA
Hist3h2ba	NA	NA	NA	NA	NA	2.6476154862209
Hist4h4	NA	NA	NA	NA	2.5850886229576	2.26470953370284
Hivep2	NA	NA	NA	NA	-1.39408817940169	NA
Hivep3	-0.674083974925691	NA	-0.753755101704693	NA	-0.773970362787703	NA
Hk1	NA	NA	NA	NA	0.638068487560611	0.665782438115844
Hmg20b	NA	NA	NA	NA	NA	0.607736257534372
Hmgn2	NA	NA	NA	-0.663658067209281	NA	-0.716196787190076
Hnrnpa0	NA	NA	NA	NA	-0.73668292615024	NA
Hnrnpdl	NA	NA	NA	NA	-0.59303554043005	NA
Hook3	NA	NA	NA	NA	-0.608050422908758	NA
Hp	NA	11.4466673482146	NA	12.2730500839153	-30.9153705888233	-18.5533326517854
Hpcal4	NA	NA	NA	NA	NA	-3.29431881845312
Hpn	-0.827336685527594	NA	NA	NA	NA	NA
Hsd11b1	NA	NA	NA	NA	-6.19997916629966	-6.50960846083744
Hsf1	NA	NA	NA	NA	0.639432920996765	NA
Hsp90ab1	NA	NA	NA	NA	0.586806180075629	NA
Hspa12a	NA	NA	-1.22095911432286	NA	-1.58378003891268	NA
Hspa8	NA	NA	NA	NA	0.749050871060627	NA
Hspbap1	NA	NA	NA	NA	0.680344828730426	NA
Htr2b	NA	NA	NA	NA	-4.51462951648186	-2.80151021564247
Htra3	1.19862988907329	0.962799874643205	1.16818564894372	0.932355634513638	1.14756161541466	0.911731600984571
Htt	NA	NA	NA	NA	-1.37399510427723	-1.72864577671122
Icam2	1.10558194447299	1.59275650810271	NA	NA	NA	0.800495628458512
Id2	NA	NA	0.726946659219537	NA	NA	NA
Ide	NA	NA	-0.612320612498074	-0.739804426664496	NA	NA
Ier2	NA	1.22100625620761	0.67027943927418	1.44919566733484	NA	1.1987008000102
Ier3	NA	NA	NA	1.1438023993666	NA	0.912653250080642
Ier5	-0.732294213264956	NA	-0.664105385338124	NA	-0.716044642643469	NA
Ifi27l2a	NA	NA	NA	-1.29444157501495	NA	NA
Ifih1	NA	NA	-0.595353288673743	NA	NA	NA
Ifit1	NA	NA	-1.24978893527514	-1.3808258950571	NA	-1.05988758320074
Ifit2	NA	NA	-0.994776187872067	-1.38208563932139	NA	-1.29786938929007
Ifit3	NA	NA	NA	NA	-0.978160620117796	-0.975749148730782
Ifit3b	NA	NA	NA	NA	NA	-1.13126681494068
Ifitm3	NA	NA	-0.908134555190425	-1.16200591193442	NA	NA
Ifitm6	NA	NA	NA	NA	NA	-5.0797274005171
Ifrd1	NA	NA	NA	NA	0.723940661270218	NA
Ift43	NA	NA	NA	NA	NA	0.788627981227963
Igf1	2.7076644002174	NA	NA	NA	NA	NA
Igfbp4	NA	NA	NA	-0.640626485320679	-0.696632991555116	-0.868797791693359
Igsf6	NA	NA	NA	NA	0.688485695016824	NA
Ikbke	NA	NA	NA	NA	NA	-4.65009023705038
Ikzf2	NA	NA	NA	NA	NA	-0.789393738750525
Il12rb2	NA	NA	-1.26374146551043	NA	NA	-1.05864280745466
Il15ra	NA	NA	1.81017650422847	NA	1.16410098697314	NA
Il17ra	NA	NA	NA	NA	0.601844581957941	NA
Il1a	NA	NA	NA	NA	-0.727959856309455	NA
Il1b	NA	NA	NA	NA	-1.10879977909061	NA
Il1rn	NA	NA	NA	-3.42588062449504	NA	NA
Il6ra	NA	NA	NA	NA	NA	0.605240515459453
Il6st	-0.630525081553239	NA	-1.31792073297844	-1.00401233090828	-1.45989110671248	-1.14598270464231
Il7r	NA	NA	0.901700634179586	NA	NA	NA
Immp1l	NA	NA	NA	NA	NA	-0.678547384855284
Immp2l	NA	NA	NA	NA	-0.686205390769735	-0.771340157085311
Impad1	NA	NA	NA	NA	NA	-0.773439756611158
Patj	NA	NA	NA	NA	-2.26725812790017	NA
Inafm1	NA	NA	0.764480917817012	NA	0.83218621654488	NA
Inf2	3.50736679735992	NA	NA	NA	2.83799154456529	NA
Ino80b	NA	NA	NA	NA	NA	0.603164941062382
Ino80dos	NA	NA	NA	NA	-1.05756594877794	-1.25195831219313
Inpp4b	NA	NA	NA	NA	-1.27090978895151	-1.03881396559576
Insr	NA	NA	NA	NA	NA	-0.657834029484117
Iqcg	NA	NA	NA	NA	NA	-2.5275498743602
Iqch	NA	NA	NA	NA	-4.04830304347563	NA
Iqgap1	NA	NA	NA	NA	NA	0.670227757750048
Irf4	NA	NA	NA	NA	-1.13540477900435	-0.988546465712349
Irgc1	NA	NA	NA	NA	NA	-4.30935418655548
Irgq	NA	NA	NA	NA	-0.624513401692971	NA
Ispd	NA	NA	NA	NA	NA	-3.51388571766189
Itgae	NA	NA	NA	NA	NA	-0.975986431240381
Itgal	6.64557070082596	6.37536978258277	NA	NA	NA	NA
Itgav	NA	NA	NA	NA	-0.673591381895818	NA
Itgb2l	NA	NA	NA	NA	-6.88167872794345	-7.57674320748988
Itgb3	NA	NA	-0.6838602418137	NA	-1.31177738002286	-0.951478891708384
Itpripl2	NA	NA	NA	NA	-0.683289262500783	NA
Iws1	NA	NA	NA	NA	-0.694091421946981	NA
Jak3	NA	NA	-0.791914178048116	NA	NA	NA
Jakmip3	NA	NA	NA	NA	NA	-2.55941359153683
Jdp2	1.64017337982914	NA	1.66979153020473	NA	2.09695803646397	0.962572203649208
Josd2	NA	NA	NA	NA	0.621441362493133	NA
Jpx	NA	NA	NA	NA	-1.44874154663211	-1.0330397728159
Jrkl	NA	NA	NA	NA	NA	-0.682617586528257
Jun	NA	NA	NA	NA	0.710248222709599	0.840057361975589
Jund	NA	NA	NA	NA	NA	0.749960239884238
Kank3	NA	NA	NA	NA	NA	0.611933833170164
Kansl3	NA	NA	NA	NA	NA	0.585892751394295
Kat2a	NA	NA	NA	NA	NA	0.590251900883399
Kat2b	NA	NA	NA	NA	NA	-0.711301331621279
Kat6a	NA	NA	NA	NA	-1.02222918050205	-0.713002744043487
Kat6b	NA	NA	NA	NA	-1.01492613457338	-0.960302101949212
Kbtbd7	NA	NA	NA	NA	-0.588278903151909	-0.605051135357359
Kcnip4	NA	NA	NA	NA	NA	-1.9865345322786
Kcnj16	NA	NA	NA	1.74242180666502	NA	1.26622030492326
Kcnj2	NA	NA	NA	NA	-0.817289900046547	-0.984336125454189
Kcnk12	NA	NA	-0.638849574534921	NA	NA	NA
Kcnma1	NA	-0.755663127615926	NA	NA	NA	-0.804949216510371
Kcnt1	NA	NA	NA	NA	NA	5.6976683626198
Kcp	NA	NA	NA	NA	NA	1.16829721842731
Kctd12	NA	NA	NA	NA	-0.65809769079589	NA
Kdm5d	NA	NA	NA	NA	NA	-0.757581450445683
Kif11	NA	-4.58320991469546	NA	NA	NA	NA
Kif13a	-0.712395411413744	NA	-0.68795431942769	NA	-0.826563604680497	NA
Kif21b	NA	NA	-0.706721685062437	NA	-0.723242222872778	NA
Kif22	NA	NA	NA	-2.67001080969882	NA	NA
Kif23	NA	NA	NA	-5.67937325455343	4.14321567362815	NA
Kif2c	NA	NA	NA	NA	NA	-1.60775959370978
Kif5b	NA	NA	NA	NA	-0.595701722462509	-0.595461176041167
Kif9	NA	NA	NA	NA	NA	-1.09250559435718
Kifc3	NA	NA	NA	NA	NA	0.62503804501119
Kl	NA	-5.88543699515164	NA	NA	NA	-3.81024104472815
Klf12	NA	NA	NA	NA	-0.762570473557226	NA
Klf13	0.710855925473744	NA	0.979962288094238	NA	1.51030675567553	0.817412643311586
Klf2	NA	NA	NA	NA	1.58834172712175	1.51259474611829
Klf4	NA	NA	NA	NA	2.56522204103003	NA
Klf9	NA	NA	1.05783786446353	NA	2.10606856730531	0.982779691607098
Klhdc10	NA	NA	NA	NA	NA	-0.587602205188978
Klhdc8b	NA	NA	NA	NA	NA	0.616909487716368
Klhl10	NA	NA	NA	NA	NA	-4.28253100219959
Klhl9	NA	NA	NA	NA	-0.644011714704021	-0.703294264183018
Klk9	NA	NA	NA	NA	-3.37694891371987	-2.65071743545617
Klri1	NA	NA	NA	NA	NA	-4.19283582194206
Kmt2a	-0.85644094161475	NA	NA	NA	NA	NA
Kmt2b	-1.13351036168215	NA	NA	NA	NA	NA
Kmt2c	-0.632286816092719	NA	NA	NA	-0.641489650280163	-0.605988554314966
Kntc1	NA	NA	-1.71394326965127	NA	NA	NA
Krt10	NA	NA	NA	NA	-1.37147433213161	-0.869082821923927
LOC100504703	NA	NA	NA	NA	-1.18959972413855	NA
Lamb2	NA	NA	NA	NA	NA	0.834291582582427
Larp4	NA	NA	NA	NA	-0.593466414035551	NA
Larp7	NA	NA	NA	NA	0.603574328764494	NA
Lars2	NA	NA	NA	NA	-1.10369334881485	NA
Lats1	NA	NA	NA	NA	-0.763846548006986	-0.846463656673991
Lbp	NA	NA	5.17346139285559	NA	NA	NA
Lcn2	15.1035105456794	NA	NA	-13.4189916428363	-14.8964894543206	-28.3393954020062
Ldlr	NA	NA	-2.09249155304649	-2.82594618769459	NA	-1.91596923328987
Lefty1	-0.623427716623516	NA	NA	NA	NA	NA
Lemd3	0.662751189585396	NA	0.678896933353529	NA	NA	NA
Lgals1	1.42426213015727	NA	0.886377518375145	NA	NA	NA
Lgals3	1.23363188903743	NA	NA	NA	NA	NA
Lgals3bp	NA	NA	-0.600825393412836	-0.590130930530288	NA	NA
Lgals4	NA	NA	NA	NA	NA	-3.21354673763001
Lgr4	NA	NA	NA	NA	NA	-1.34882958131647
Lhfpl1	NA	NA	NA	NA	NA	-7.71572354807614
Lifr	0.739398237147955	NA	0.99207587518038	NA	NA	NA
Lig4	NA	NA	NA	NA	NA	-0.672619647466112
Lilrb4a	1.21682966984392	NA	NA	NA	NA	NA
Lipt2	0.655780336203315	NA	NA	NA	NA	NA
Lmbr1l	NA	NA	NA	0.649602654068032	NA	NA
Lmna	NA	1.36848374549134	NA	NA	NA	NA
Lnpep	NA	NA	NA	NA	-0.948023842722551	-0.739876622006931
Lonrf3	-0.813193507287956	-0.882991847307471	-1.01772995657929	-1.08752829659881	-0.7451097725082	-0.814908112527716
Lpcat4	NA	NA	NA	NA	1.48421293160519	1.18655385313703
Lpl	NA	NA	-0.80761584990045	-0.980883822127013	NA	NA
Lrp4	NA	NA	NA	NA	NA	-1.03923550864054
Lrp5	NA	NA	NA	NA	-0.760665563074572	NA
Lrrc18	NA	NA	NA	NA	-3.69784104881242	NA
Lrrc29	NA	NA	NA	NA	NA	-1.80424601888446
Lrrc39	NA	NA	NA	-0.954945167776043	NA	NA
Lrrc42	NA	NA	0.743513297198427	0.877903604243887	NA	0.688260562186642
Lrrc51	NA	NA	NA	NA	NA	-0.643707372094207
Lsm14b	NA	NA	NA	NA	-1.25554485369043	-1.21865803130229
Lsr	NA	NA	NA	NA	-0.985042495853178	-1.13746230676082
Lst1	-0.801800141327883	NA	-1.02696905583027	-0.861512297632292	NA	NA
Ltb	-0.883272350377532	NA	-0.747870148280743	NA	-1.16603364183806	NA
Ltf	7.4547820853447	-15.0645426293188	NA	-22.4386962152821	-22.5452179146553	-45.0645426293188
Ltn1	NA	NA	NA	NA	-0.712186386167461	NA
Luc7l3	NA	NA	NA	NA	-0.943120745059304	-0.834128070953242
Ly6a	NA	NA	NA	-0.978332014666452	NA	-0.662129658237196
Ly6k	NA	NA	NA	NA	NA	-1.3503791852614
Ly86	-0.899899478460043	-0.93989771016077	-1.02805852036301	-1.06805675206373	-1.05868236186249	-1.09868059356322
Lyst	NA	NA	NA	NA	-1.67250572233207	-1.59276586743254
M1ap	NA	NA	-0.751856151064017	NA	NA	NA
Macf1	NA	NA	NA	NA	-0.731312623488585	NA
Macrod1	NA	1.00753746738413	NA	NA	NA	0.916357505538687
Madcam1	NA	NA	NA	NA	NA	-3.76570042597197
Maf	-0.65453436121138	NA	NA	NA	-0.690405577014901	NA
Mafk	NA	NA	NA	NA	0.64979984746341	NA
Magef1	NA	NA	NA	NA	NA	-0.623933837325092
Malat1	NA	NA	NA	NA	-1.95713685183409	-1.72585730715246
Man2c1os	NA	NA	NA	NA	-1.17310788016411	NA
Manea	NA	NA	NA	NA	-0.807595464492255	-0.715860925388658
Maneal	-2.17237489816928	NA	NA	NA	NA	NA
Map10	NA	NA	NA	NA	NA	-0.741853445243582
Map3k2	NA	NA	NA	NA	-0.909571136473895	-0.812473600087798
Map3k6	NA	NA	NA	NA	NA	2.69450985230184
Map3k8	NA	NA	NA	NA	NA	-0.726923145387298
Map3k9	NA	NA	NA	NA	-0.885090979574992	NA
Map4k2	NA	NA	NA	NA	0.71641993259799	NA
Map7	NA	NA	NA	-0.58500830400313	NA	NA
Mapk8	NA	NA	NA	NA	-1.00379626381317	-0.795243536164658
Mapk8ip3	NA	NA	-0.7329962327216	NA	-0.689377309350206	NA
Mapre3	NA	NA	NA	NA	1.10027732309492	0.772195667796966
Mark4	NA	NA	NA	NA	NA	0.66956947695225
Mast4	NA	NA	-0.840506272781281	-0.86084689598059	NA	NA
Matn2	NA	NA	NA	NA	-2.52552263817195	-1.61202646947326
Mbd5	NA	NA	NA	NA	-1.07648185617083	-0.76540242233101
Mboat1	NA	NA	-0.765509717245998	-0.840089748190319	NA	-0.629462639660872
Mbtd1	NA	NA	NA	NA	NA	-0.648311188071835
Mcemp1	NA	NA	NA	NA	NA	-4.56911951355028
Mcm2	NA	NA	-1.11508709484846	-1.14385085715162	-1.01007639548646	-1.03884015778962
Mcm3	NA	NA	-0.677675191837456	NA	NA	NA
Mcm5	NA	NA	-1.2335034243839	-1.50554348523854	-0.824018163830397	-1.09605822468504
Mcm9	NA	NA	NA	NA	NA	-0.753019955506303
Mcur1	-0.858896544216715	-0.857377963181061	-1.0803310573614	-1.07881247632575	-0.999310926383944	-0.99779234534829
Mdfi	NA	NA	NA	NA	NA	1.39061319149818
Mdn1	NA	NA	NA	NA	-1.97826779143296	-1.3461692070879
Med12l	NA	NA	NA	NA	-0.977549857489376	-0.767176204512054
Med13	NA	NA	NA	NA	-1.13537405092159	-0.809829242043524
Med13l	NA	NA	NA	NA	-0.762724508187447	NA
Med25	NA	NA	NA	NA	0.647441459668975	NA
Melk	NA	-5.14038824921774	NA	-6.21591741283289	NA	NA
Men1	NA	NA	NA	NA	NA	0.62153510864403
Meox1	4.79673705051864	NA	NA	NA	NA	NA
Mettl4	NA	NA	NA	NA	NA	-0.749572103524559
Mfge8	NA	NA	NA	NA	NA	0.729064441943121
Mfsd4a	NA	NA	NA	NA	-0.916639920678652	-0.889161473639208
Mfsd6	NA	NA	NA	NA	NA	2.62450037522588
Mga	-0.671550158968812	NA	NA	NA	-0.748577569285845	NA
Mgat4a	NA	NA	NA	NA	-0.933458100354942	-0.875576705315594
Mgat5	NA	NA	NA	NA	-1.16950802671503	-1.09449170574809
Mgea5	NA	NA	NA	NA	-0.60762593916948	-0.950489927029828
Mgst2	NA	NA	NA	NA	NA	-3.00201349769863
Mgst3	NA	NA	NA	NA	0.896225743580639	0.629618837739021
Mib1	NA	NA	NA	NA	NA	-0.811055677273552
Mical1	NA	0.784953464173828	NA	NA	NA	NA
Midn	NA	NA	-0.755066722203311	NA	NA	NA
Mier1	NA	NA	NA	NA	-0.659609580545662	NA
Mif	NA	NA	-0.611829721070294	NA	NA	NA
Mir1931	NA	NA	NA	NA	-2.67574271850245	-1.60083376610614
Mir6236	NA	NA	NA	NA	-2.2499734959617	-1.46490254273127
Mir6374	NA	NA	NA	NA	NA	-1.82965831411052
Mir6902	NA	NA	NA	NA	NA	-2.34960943606791
Mir6966	NA	NA	NA	NA	NA	-2.67671605419414
Mir99ahg	NA	NA	NA	NA	-0.908930427954648	-1.03774481406837
Mis18a	0.637594209140446	NA	0.615079157471005	NA	0.733628709106547	NA
Mki67	NA	-4.46256022322008	NA	NA	NA	NA
Mllt3	NA	NA	NA	NA	0.997930490739945	NA
Mlph	NA	NA	0.827426003045175	NA	1.06249041920405	0.78907678607639
Mlxip	NA	NA	0.637492226340056	NA	NA	NA
Mlxipl	NA	NA	NA	NA	0.600513407005235	NA
Mmd	NA	NA	NA	NA	-0.820646982690287	-0.720026414614506
Mmp11	NA	1.17398160690948	NA	NA	NA	0.855917360843163
Mmp12	NA	NA	NA	NA	NA	-1.9376135944304
Mmp14	NA	NA	NA	NA	0.650122260483811	0.891272671887232
Mmp2	NA	NA	NA	NA	-0.879061741491085	NA
Mmp23	-2.32895171925915	NA	-1.53527298778358	NA	NA	NA
Mmp28	-1.15781665281621	NA	-1.40356329954958	-1.15786194329107	-0.876425658646784	NA
Mob1b	NA	NA	NA	NA	-0.944499452630832	-0.814465833917364
Mocs1	NA	NA	NA	NA	0.776619591254911	NA
Mospd2	NA	NA	NA	NA	NA	-0.729974912266983
Mpeg1	-1.21867361782065	-1.27729501275605	-1.88064382547128	-1.93926522040668	NA	NA
Mpo	NA	NA	-11.8184094813142	NA	-40.6434510463217	-30.1276066015868
Mpp7	NA	NA	NA	NA	NA	-0.76782249991916
Mras	NA	NA	0.641636798692382	NA	0.641003013395491	NA
Mreg	NA	NA	NA	NA	NA	-3.62091600259526
Mrpl28	NA	NA	NA	NA	0.692361376799441	NA
Mrps12	NA	NA	NA	NA	NA	0.592207409835075
Msl2	NA	NA	NA	NA	-0.621043233609232	NA
Msr1	1.43609138785497	NA	2.53707199995281	2.12839725612915	1.38708063065087	0.978405886827215
Msra	NA	NA	NA	NA	0.61474750105955	NA
Mss51	NA	NA	NA	NA	NA	-3.70395451848555
Mt1	NA	NA	-0.630096492276425	NA	NA	NA
Mt2	NA	NA	-2.17778949450234	-1.96538011685581	-2.35126803609197	-2.13885865844544
Mterf1a	NA	NA	NA	-0.845687057341653	NA	NA
Mterf1b	NA	NA	NA	-2.14413387976422	NA	NA
Mtfp1	NA	0.713935040740834	NA	0.714497337227019	NA	0.874058293452892
Mthfd1l	NA	NA	NA	NA	-0.753232285430681	NA
Mthfd2	-0.60345713062379	NA	-1.18696366133243	-0.662128080035723	-1.26985893380736	-0.745023352510648
Mtmr11	1.35297049342101	NA	NA	NA	NA	NA
Mtss1	NA	NA	NA	NA	-0.910232268468507	NA
Mttp	NA	NA	NA	NA	-0.946770610425901	NA
Mtx3	NA	NA	NA	NA	-1.8819713451498	-1.52127336953466
Mum1	NA	NA	NA	NA	NA	0.622982949153421
Mx1	NA	NA	NA	-2.05117449964616	NA	NA
Mxd4	NA	NA	NA	NA	0.742208411110565	NA
Myb	NA	NA	NA	NA	-5.02426558231972	NA
Myc	NA	NA	NA	NA	1.0596290555232	NA
Mycl	1.36301836124875	NA	1.88536979740371	0.632688368029827	1.91719659256905	0.664515163195162
Myh7b	NA	NA	NA	NA	NA	-3.41085918362273
Myo1e	NA	NA	-0.970054350919915	-0.640741609617324	-0.930489540059771	-0.60117679875718
Myo5a	NA	NA	NA	NA	NA	-0.941313537896359
Myo9a	NA	NA	NA	NA	-1.09381112073659	-0.899589885262053
Napb	NA	NA	NA	NA	NA	-1.02707821237992
Nat2	NA	NA	NA	NA	NA	-0.688692989840347
Nav1	NA	NA	-0.63308549112057	NA	NA	NA
Nav2	NA	NA	NA	NA	-1.00340643947286	-0.820072988883063
Nav3	NA	NA	NA	NA	-0.846146370042195	NA
Nbea	NA	NA	NA	NA	-1.25408990199649	-0.951440714021898
Nbeal1	-1.12247987795673	NA	NA	NA	-1.68902203486543	-1.37549597502928
Nbeal2	-0.73879421998856	NA	-0.978340719789308	NA	NA	NA
Ncapg	-4.67081356142437	NA	NA	NA	NA	NA
Nccrp1	NA	NA	NA	NA	NA	1.55126334711687
Nceh1	0.84140832724731	0.703855645540711	NA	NA	NA	NA
Ncf1	NA	NA	NA	NA	0.667174881469328	NA
Nckap5l	NA	NA	-0.649536359382761	NA	NA	NA
Nckipsd	NA	NA	NA	NA	NA	0.588713569350771
Neat1	NA	NA	0.894230796059443	NA	NA	NA
Nedd4l	NA	NA	NA	NA	1.05767230305825	0.737747858594691
Nek1	NA	NA	NA	NA	NA	-0.612191931380207
Neurl1a	NA	NA	NA	NA	1.0187211681114	0.666992999206325
Nf1	NA	NA	NA	NA	-1.31583724653424	-0.852634431850107
Nfatc2	NA	NA	-0.704386352895569	NA	NA	NA
Nfkb2	NA	NA	-0.781878064429275	NA	-0.789704928403539	NA
Nfkbia	NA	NA	NA	NA	0.848802421649618	0.62589975436075
Nfkbid	NA	NA	NA	NA	-1.02041092402913	-0.808264882361369
Nfkbie	NA	NA	-0.641615056457515	NA	NA	NA
Ngp	9.03276809321431	-15.0086235445476	NA	-23.6799060417197	-20.9672319067857	-45.0086235445476
Nhej1	NA	NA	NA	NA	0.845927174899407	NA
Nhsl2	NA	NA	NA	NA	-0.730624381631938	-0.66906747747243
Nid2	NA	NA	-0.621538601007662	NA	-1.04020760455974	-0.655178448832344
Nin	NA	NA	NA	NA	-1.0604005185057	-0.688880081907554
Nktr	NA	NA	NA	NA	-0.849536750136556	NA
Nlrc5	NA	NA	NA	NA	-1.74137050835379	-2.50460194101899
Nlrp1b	NA	NA	NA	NA	-0.926294540562751	-0.962180735337267
Nlrp1c-ps	NA	NA	NA	NA	-3.06465902439481	-2.77030797708267
Nlrx1	0.588064324198768	NA	NA	NA	NA	NA
Nme4	NA	NA	NA	NA	NA	0.61023186367535
Nmrk1	NA	NA	NA	NA	NA	-0.940518294134794
Nnt	1.30040951418692	1.16495348986459	1.21353085390489	1.07807482958256	1.48896505726697	1.35350903294464
Nolc1	NA	NA	NA	NA	NA	0.66748187504549
Nos1ap	-0.853007092841467	NA	NA	NA	-1.10598176898353	-0.624017312476566
Nosip	NA	NA	NA	NA	NA	0.608250208195855
Notch2	NA	NA	NA	NA	-0.872063648961383	-0.618829252851291
Notch4	1.63545105649652	1.17313539080906	2.1539760383617	1.69166037267424	2.78033857705416	2.3180229113667
Npff	NA	NA	NA	NA	NA	-2.61771839957311
Npnt	NA	NA	NA	NA	-0.742280354406664	-0.634230280396505
Nr0b2	NA	NA	NA	NA	-4.31073361224387	-2.74814310514067
Nr1d2	NA	NA	NA	-0.890032676555707	NA	-0.965560095462267
Nr1h2	NA	NA	NA	NA	NA	0.65167208227715
Nrg4	NA	NA	NA	NA	NA	-4.07251903105916
Nrp	NA	NA	NA	NA	-0.954174319244771	-0.775384208056047
Nrp1	NA	NA	-0.773856477467809	NA	-0.936485383159565	-0.707592850963381
Nsd1	NA	NA	NA	NA	-0.601946830781372	NA
Nt5c	NA	NA	NA	0.587012707386016	0.693238621661529	0.898967973698946
Nt5dc2	NA	NA	NA	NA	0.905392336156557	NA
Nuak2	0.733777088565546	NA	0.782555015205981	NA	1.00218124818526	0.653252843672303
Nucks1	NA	NA	NA	NA	-0.816774801723504	-0.628147783789645
Nudt12	1.78250451178518	NA	NA	NA	NA	NA
Nudt17	NA	NA	NA	NA	NA	4.05550474023351
Nuf2	NA	NA	NA	-3.05281100311165	NA	NA
Nufip2	NA	NA	NA	NA	-0.701576495717656	-0.627379501643304
Nup210	NA	NA	NA	NA	-1.24766189026117	NA
Nup210l	NA	NA	NA	NA	NA	-1.64295023163743
Nupr1	NA	NA	-0.865814157965719	-0.737708363490322	NA	NA
Nusap1	NA	NA	NA	-3.10546400916604	NA	-1.92297299529725
Oaf	NA	NA	-0.626853261015393	-0.604610694336243	NA	NA
Oas1a	NA	NA	-0.94247591504382	-1.2802040464584	NA	-0.844092816773782
Oaz3	NA	NA	NA	NA	NA	-1.29110870617622
Ocln	NA	NA	NA	1.27248417941807	NA	NA
Odf2l	NA	NA	NA	NA	-1.33185253318824	-1.15224758901572
Ogfrl1	0.711550698785485	NA	1.00180761408448	NA	1.21398956534988	0.691585444643677
Oip5	NA	NA	NA	NA	NA	-4.51352842089279
Olfm4	NA	NA	-2.19705211314597	-2.02602120517106	-2.59166436094637	-2.42063345297146
Omg	NA	NA	NA	NA	-3.81418953689855	-3.38915791030513
Orc6	NA	-0.877347081002271	NA	NA	NA	-0.605499659836721
Orm1	NA	NA	NA	NA	NA	-4.64763788922123
Osbp2	NA	NA	NA	NA	NA	-4.0069240052489
Osgin1	NA	NA	NA	NA	NA	0.915661741983092
Otud3	NA	NA	NA	NA	NA	1.02573237526954
Otud4	NA	NA	NA	NA	-0.653023935179417	-0.612165042022129
P2rx1	NA	NA	NA	NA	-0.843139776371375	-0.72917222644909
P3h1	NA	NA	NA	NA	NA	0.8078603211696
P3h3	NA	NA	-0.643455229459984	-0.692619666681177	NA	NA
P4ha1	NA	-0.623882557180172	NA	-0.642128791204616	NA	NA
Pank1	NA	NA	NA	NA	0.868588026037558	0.620245120582242
Pank3	NA	NA	NA	NA	-0.763366778094404	-0.756924510630686
Pank4	NA	NA	0.610126942671259	NA	0.746829951378861	NA
Papss2	NA	NA	NA	NA	NA	-4.09402870972862
Paqr5	NA	NA	NA	NA	-6.05782176208973	-4.69286658553481
Parp11	NA	NA	NA	NA	NA	-0.683294728839802
Parp14	NA	NA	NA	NA	-0.838431280388756	NA
Parp3	NA	NA	NA	NA	0.833869543910162	NA
Parp4	NA	NA	NA	NA	-0.997924004947967	-0.687644431920004
Parpbp	NA	NA	NA	NA	NA	-4.48779802104836
Particl	NA	NA	NA	NA	-1.04979617294862	-0.823923758902707
Pbk	NA	NA	NA	-3.04774257562183	NA	NA
Pbld2	NA	NA	NA	NA	-1.98134927684842	NA
Pcbp4	NA	NA	NA	NA	NA	1.56734698284011
Pcdhga6	NA	NA	NA	NA	NA	-3.58946014154889
Pcdhga9	NA	NA	NA	NA	NA	-3.48860701352111
Pcdhgb2	NA	NA	NA	NA	-0.652760723594966	NA
Pced1a	NA	NA	NA	NA	NA	0.590284499425216
Pcgf2	NA	NA	NA	NA	NA	1.86692824061634
Pck2	NA	NA	NA	NA	NA	0.658806650000771
Pcm1	NA	NA	NA	NA	-0.619028774965682	-0.655046456348222
Pcnx	NA	NA	NA	NA	-0.798050909588356	NA
Pcolce	NA	NA	NA	NA	NA	-4.20530116919764
Pcp4	NA	NA	NA	NA	NA	-0.826704524239626
Pcyox1	NA	NA	NA	0.600300467089536	NA	NA
Pdcd1	-0.975692422196024	-1.2823877120446	-1.65713442793039	-1.96382971777897	NA	-1.09822799094139
Pde2a	-0.628021247683598	NA	NA	NA	NA	NA
Pde4a	NA	NA	NA	NA	NA	0.634339541764127
Pde4dip	NA	NA	NA	NA	-0.701758017282043	NA
Pdgfa	NA	NA	-0.781605209269088	NA	NA	NA
Pdgfb	-0.677180430930621	NA	-0.802695380046885	NA	NA	NA
Pdgfrl	NA	NA	NA	NA	NA	1.76401264050704
Pdk2	NA	NA	NA	NA	0.685453379357788	0.642980888943483
Pds5a	NA	NA	NA	NA	-0.728130253496982	-1.00547655783596
Pdzd2	NA	NA	NA	NA	-2.34928554066782	NA
Pdzd4	NA	NA	NA	NA	-2.52348429991425	-1.94340775280745
Peak1	NA	NA	NA	NA	-0.874144954107384	-0.782670374899934
Per1	2.39160820318943	NA	2.14122145161743	NA	2.66038201384883	0.937046323210023
Per2	NA	NA	-2.61241010350086	NA	NA	NA
Per3	-1.20042559138219	NA	-1.24974477525484	-1.01800583579552	-1.16492098468301	-0.93318204522369
Perm1	NA	NA	NA	NA	NA	-3.97259171401184
Pex26	NA	NA	NA	0.935687159455961	NA	0.636972073120201
Pfas	NA	NA	-0.679028947282975	NA	NA	NA
Pglyrp1	NA	NA	NA	NA	-7.67190394717917	-8.16794390259599
Phactr1	NA	0.799083077211475	NA	NA	NA	NA
Phc3	NA	NA	NA	NA	-1.08769298106451	-1.07386197780951
Phf14	NA	NA	NA	NA	-0.753007992157055	-0.624383547227522
Phf6	NA	NA	NA	NA	-0.697525896477809	-0.823156366999345
Phldb3	NA	NA	NA	NA	NA	-2.46632786231383
Phospho1	NA	NA	NA	NA	-1.3174295833805	-1.48389540281884
Phtf1os	NA	NA	NA	NA	-1.71181435912243	-1.4604770577657
Phxr4	NA	NA	NA	NA	NA	-1.46742517428067
Pid1	0.597964022735218	NA	NA	NA	0.612928703610448	NA
Piezo1	NA	NA	NA	NA	-0.795511073661373	NA
Pigg	NA	NA	NA	NA	-0.858515849777388	-0.639598659303027
Pigm	NA	NA	NA	NA	-0.605925321012532	NA
Pign	NA	NA	NA	NA	-1.13894930044157	-1.04246258077991
Pigz	-0.871347147302236	NA	-0.753055973405068	NA	-0.891156754699244	-0.619777363942558
Pik3c2a	NA	NA	NA	NA	-0.659665145592145	NA
Pik3c2b	-1.16093802763438	NA	-1.17345547132344	NA	NA	NA
Pik3ip1	NA	NA	1.97232061944661	1.50624931673952	1.82041942185806	1.35434811915097
Pikfyve	NA	NA	NA	NA	-0.652447943382752	-0.585852184800293
Pim1	NA	NA	NA	NA	2.71932109798496	1.87123928132387
Pkia	NA	NA	NA	NA	NA	4.85943913131425
Pla2g7	1.31203182129593	1.36590415623751	NA	NA	NA	1.03321435339781
Plag1	NA	NA	NA	NA	-3.86421688825292	-3.12529577474372
Plagl2	NA	NA	NA	NA	-0.711490710276922	NA
Plau	NA	NA	NA	NA	-1.06854035928087	NA
Plcb4	NA	NA	NA	NA	NA	-3.73151296224392
Plcd3	3.71281472943471	5.64210678270586	3.31178806798229	5.24108012125344	3.56613695653748	5.49542900980863
Plekhb1	NA	NA	NA	NA	NA	-2.7945614468614
Plekhh3	NA	NA	NA	NA	NA	1.04976730820664
Plet1	4.95614292549442	NA	5.063252436693	NA	5.812099586329	3.27936012752874
Plet1os	6.86208542973294	3.59731029795155	7.33747552448668	4.07270039270528	4.83461559571001	NA
Plin2	NA	NA	NA	NA	0.651079293164897	NA
Pln	NA	NA	NA	NA	NA	-1.41639734880184
Plscr1	NA	NA	NA	NA	NA	-1.07981017699697
Plxna4	NA	NA	NA	NA	-0.797936549155106	-0.744722425860908
Plxna4os1	NA	NA	NA	-0.792981217064055	NA	NA
Pmaip1	NA	NA	NA	-1.07952577882567	NA	NA
Pms2	NA	NA	NA	NA	NA	-0.704109438656877
Pnisr	NA	NA	NA	NA	-1.00635100762153	-0.779189376929072
Pnma2	NA	NA	NA	-1.98041890819601	NA	NA
Pnpla2	NA	NA	0.753950970240539	NA	1.31715499172598	1.1347719170968
Pnpla6	0.621180837774809	NA	NA	NA	0.966898675418359	0.585180384763999
Podxl2	NA	NA	NA	NA	NA	0.961956365001484
Pole	5.21642981863612	NA	NA	NA	NA	-4.70214157354292
Polg	NA	NA	NA	NA	0.618639208108854	NA
Polm	NA	NA	NA	NA	0.953964608918749	0.683873140775612
Polq	NA	NA	NA	NA	NA	-3.47556374401738
Polr1a	NA	NA	NA	NA	-0.808717453103622	NA
Polr1e	NA	NA	NA	NA	NA	0.608249497450695
Polrmt	NA	NA	NA	NA	NA	0.713284282389384
Pomgnt2	NA	NA	NA	NA	0.771660392912047	0.765757792404022
Porcn	NA	NA	NA	0.703799764197481	NA	NA
Postn	NA	NA	NA	NA	NA	0.700512052918439
Plpp1	NA	NA	-0.87424433924285	-0.71107085993476	-0.7050084137544	NA
Ppdpf	NA	NA	NA	NA	NA	0.699775969256067
Ppm1k	NA	NA	NA	NA	-0.688360822628535	NA
Ppp1cb	NA	NA	NA	NA	NA	-0.624910618679786
Ppp1r12a	NA	NA	NA	NA	-0.589998222699231	NA
Ppp1r14a	NA	NA	NA	NA	-1.89701451720923	-1.41326474937649
Ppp1r15a	NA	NA	NA	NA	NA	0.76171681462904
Ppp1r21	NA	NA	1.1244215151818	0.644374798151445	1.14123056661546	0.6611838495851
Ppp1r3fos	NA	NA	NA	NA	NA	-2.65478023320427
Ppp1r9a	NA	NA	NA	NA	-0.718621667551681	NA
Ppp2r5b	NA	NA	NA	NA	0.593749532845285	NA
Ppp2r5e	NA	NA	NA	NA	-0.635739034126072	NA
Ppp5c	NA	NA	NA	NA	0.648786276697274	NA
Praf2	NA	NA	NA	NA	0.69452845255843	NA
Prdm1	NA	NA	NA	NA	-0.786756438891524	NA
Prdm11	NA	NA	NA	NA	1.0362865298262	NA
Prdm2	-0.653239337571627	NA	NA	NA	-1.18282683295872	-0.604229466282029
Prg4	NA	NA	NA	NA	NA	-3.19861385026308
Prickle2	3.58552410092515	3.5014007540418	NA	NA	NA	NA
Prim1	NA	NA	NA	-1.19399691558785	NA	-0.896767911131725
Prkar1b	NA	NA	-1.00745488407124	-0.998590758630662	-0.957908839610648	-0.949044714170068
Prkdc	NA	NA	NA	NA	NA	-0.649869479211409
Prlr	NA	NA	NA	NA	NA	-4.84491850227848
Procr	NA	NA	NA	NA	NA	0.703545555652215
Prom2	NA	NA	NA	2.19777286004471	NA	NA
Proser3	NA	NA	NA	NA	0.779794750990359	0.98405894517147
Prox2	NA	NA	NA	NA	-1.19657708144405	-0.827779169357923
Prpf39	NA	NA	NA	NA	-0.733447985190792	-0.705287055734631
Prr13	NA	NA	NA	NA	0.642408651198787	NA
Prr14l	NA	NA	NA	NA	-0.781689845572609	-0.614623177197573
Prr15l	NA	NA	NA	NA	NA	-4.55237019192592
Prr5l	NA	NA	-0.923185015663093	-0.747700064327136	NA	NA
Prune2	NA	NA	NA	NA	NA	-0.841015118703693
Pspc1	NA	NA	NA	NA	-0.600204426427974	NA
Ptafr	NA	NA	NA	NA	-0.611394706380657	NA
Ptcd3	NA	NA	NA	NA	0.601906297424983	NA
Ptchd1	NA	NA	-1.46048321871108	-1.66453158301203	-0.947544551658541	-1.15159291595949
Pten	NA	NA	0.721396815516582	NA	NA	NA
Ptger1	NA	NA	NA	NA	NA	0.58771918548503
Ptges3l	NA	NA	NA	NA	-3.72432545924918	NA
Pth1r	NA	NA	NA	NA	NA	-4.29900115557777
Ptk7	NA	NA	NA	NA	5.75554339830304	NA
Ptpn12	NA	NA	NA	NA	-0.814743835386093	-0.608503167964477
Ptpn23	-0.918799519483979	NA	NA	NA	NA	NA
Ptprh	NA	NA	NA	NA	-19.5249480249806	-18.9510205864978
Ptprj	NA	NA	NA	NA	NA	-0.603810623566955
Purb	NA	NA	NA	NA	-0.669534878478974	-0.621190798723136
Pvr	NA	NA	NA	NA	NA	0.726470375839874
Ifi208	NA	NA	NA	NA	-4.26159863926076	-4.84738472289773
Ifi213	NA	NA	NA	NA	NA	-1.86737612602338
Pygl	NA	NA	NA	NA	NA	-1.02376810895969
Qk	NA	NA	NA	NA	-0.636538968173003	-0.733235716925363
Rab11fip5	NA	NA	NA	NA	-0.682398920327165	NA
Rab20	-0.60383992194872	NA	-0.841960657957074	-0.607530397146605	-0.840821331726974	-0.606391070916506
Rab25	NA	NA	NA	NA	NA	2.01942518250304
Rab3d	NA	NA	NA	0.956693014578715	NA	NA
Rab4a	1.58434835862578	1.38634528410749	1.46001992978142	1.26201685526313	1.75012312833456	1.55212005381627
Rab7b	4.6140643423078	NA	NA	NA	NA	NA
Rac3	NA	NA	0.637284482303797	NA	1.14723040902404	0.843035113570804
Racgap1	NA	NA	NA	-1.91850250850818	NA	NA
Rad51b	NA	NA	NA	-1.5530344839242	NA	-1.56756541640655
Ralgapa1	NA	NA	NA	NA	-0.934052675169254	-0.809405419409481
Raly	NA	NA	NA	NA	NA	1.03756065894641
Ramp2	NA	NA	NA	NA	NA	0.738612241641213
Ranbp10	NA	NA	NA	NA	-0.601698185503791	NA
Ranbp2	NA	NA	NA	NA	NA	-0.631226682298234
Ranbp6	NA	NA	NA	NA	NA	-0.695306778774178
Rapgef5	NA	NA	NA	NA	-0.996884318294716	-0.65146693525673
Rarg	NA	NA	NA	NA	NA	1.00544559411751
Rasa4	NA	NA	-0.620228521572709	NA	NA	NA
Rasgrp4	NA	NA	NA	NA	NA	0.714312097486243
Rasl2-9	NA	NA	NA	-0.937448262433895	-0.912575205095772	-1.17197814906447
Rassf2	0.631565342368854	NA	0.804193103221021	NA	0.746836569679993	NA
Rassf3	1.05064735105743	NA	0.942730811041297	NA	0.826346215915769	NA
Rassf4	NA	NA	NA	NA	-0.598324134878472	NA
Rbbp9	NA	NA	NA	NA	0.662682700426064	NA
Rbfox1	NA	NA	-1.00490666038431	NA	NA	NA
Rbl1	NA	NA	NA	NA	-0.646850634215314	NA
Rbm12	NA	NA	NA	NA	-0.886067355921303	-0.638968074489102
Rbm12b2	NA	NA	NA	NA	NA	-0.598108227094057
Rbm27	NA	NA	NA	NA	-0.600210103557225	NA
Rbm3	NA	NA	NA	NA	-0.761663734168352	NA
Rbm42	NA	NA	NA	NA	NA	0.623573942616774
Rc3h1	NA	NA	NA	NA	NA	-0.650321829818776
Rc3h2	NA	NA	NA	NA	-1.20575498465789	-1.08002702130341
Rcan1	0.93398356702074	NA	1.09231933797185	NA	1.24436322658769	NA
Rcan2	NA	NA	NA	NA	-5.14356801474023	NA
Rcan3	NA	NA	NA	NA	-0.780797267864118	NA
Rcbtb2	NA	NA	NA	NA	0.590883658258476	NA
Rdh5	NA	NA	NA	NA	NA	-1.65877617237378
Rel	NA	NA	NA	NA	-1.30065324591502	-0.786120114144033
Relb	-0.772755527796892	NA	-1.1191276795562	NA	-1.5104258802742	-0.854735427825784
Rell1	NA	-0.981282798031711	-1.06233600155666	-1.48317092833765	-1.32269165518274	-1.74352658196373
Rfng	NA	NA	NA	NA	1.08429360098372	0.813067415672447
Rftn1	0.683812642914143	NA	NA	NA	0.735791800671671	NA
Rfx7	NA	NA	NA	NA	-0.597421517402131	NA
Rgs1	NA	NA	1.39285600767944	0.900964035209113	1.54206744774728	1.05017547527695
Rgs12	NA	NA	NA	NA	NA	-0.888906286642412
Rgs14	NA	NA	NA	NA	0.838476070405114	0.832458286748682
Rhbdd1	NA	NA	NA	NA	-0.71773569964358	NA
Ric1	NA	NA	NA	NA	NA	-1.34241672974895
Rif1	NA	NA	NA	NA	-0.674026907732069	NA
Rin3	NA	NA	NA	NA	NA	0.759864368680771
Ripk3	NA	NA	NA	NA	-0.753014913632052	NA
Rlf	NA	NA	NA	NA	-0.620038611872344	-0.592165024559454
Rlim	NA	NA	NA	NA	-0.750738458321396	-0.805342254304019
Rn45s	NA	NA	NA	NA	-2.00758382293661	-1.16812592165159
Rnase4	NA	NA	NA	NA	0.775203433214425	NA
Rnaseh2c	NA	NA	NA	NA	0.597887698964051	NA
Rnf166	NA	NA	NA	NA	0.765139952737021	NA
Rnf169	NA	NA	0.774273644047615	NA	NA	NA
Rnf214	NA	NA	NA	NA	-0.640725215520755	NA
Rnf220	NA	NA	NA	NA	0.668438830026491	NA
Rnf24	NA	NA	NA	NA	-0.972231008859709	NA
Rnpc3	NA	-0.674085932730964	NA	NA	NA	NA
Rogdi	NA	NA	NA	NA	0.588083796434393	NA
Rp2	NA	NA	NA	NA	NA	-0.675808793833543
Rpain	NA	NA	NA	NA	0.697274657618805	NA
Rpl12	NA	NA	NA	NA	-1.26968062571823	-1.55489587129059
Rpl14-ps1	NA	NA	NA	NA	-1.20181241212572	-1.01380833120583
Rpl3	NA	NA	NA	NA	-0.590660176076878	NA
Rpl39	NA	NA	NA	NA	-0.798319939939972	-0.638941183583578
Rprd2	NA	NA	NA	NA	-0.604371294893718	NA
Rps20	NA	NA	NA	NA	-0.700041581671238	-0.67479112246048
Rps4l	NA	NA	-0.650819742317494	NA	NA	NA
Rps6	NA	NA	NA	NA	-0.610273565178914	NA
Rps6kb2	NA	NA	NA	NA	0.708069300386789	NA
Rpusd3	NA	NA	NA	NA	NA	0.657436999466625
Rragd	NA	NA	NA	NA	NA	-1.48568986573921
Rrm2	NA	NA	NA	-2.82300040553377	NA	NA
Rsbn1	NA	NA	NA	NA	-0.850339656023842	NA
Rsph9	NA	NA	NA	1.04927697539762	NA	NA
Rsrp1	NA	NA	-0.810041732145249	NA	NA	NA
Rtcb	NA	NA	NA	NA	0.663795243491163	NA
Rtkn2	NA	NA	NA	NA	-4.63627185872161	-5.85984835986652
Rtn1	NA	NA	-0.604196747435471	NA	NA	NA
Rtp4	NA	NA	-0.656950967472742	-0.983955075530139	NA	-0.869046731549197
Rttn	NA	NA	NA	NA	-1.13644858187397	-0.814899388311866
Rxrg	-2.60323317340088	-2.26952529353136	-1.43264014978433	NA	-1.51907126112132	-1.1853633812518
S100a10	NA	NA	0.842097577306006	0.844966417527634	0.90369767557244	0.906566515794069
S100a8	20.7974867857146	15.4267063295061	NA	NA	-6.02863145220983	-11.3994119084183
S100a9	8.62986081697987	NA	NA	NA	-6.10752693553061	-10.6311866580682
S1pr1	NA	NA	NA	NA	-0.730577481122013	NA
S1pr4	NA	NA	NA	NA	NA	-1.91282155915912
Samsn1	NA	NA	NA	-0.676208979911891	NA	NA
Sap30l	NA	NA	NA	NA	0.591589523013637	NA
Sapcd2	NA	NA	NA	NA	NA	-4.34144462327949
Sbk1	NA	NA	NA	NA	NA	0.677131975982212
Scai	NA	NA	NA	NA	NA	-0.80873681855996
Scand1	NA	NA	NA	NA	NA	0.770797547554864
Scd1	NA	NA	NA	NA	NA	-5.1955260497329
Scd2	NA	0.688487631374474	NA	NA	NA	NA
Scimp	NA	1.07491600176959	NA	NA	NA	NA
Scml4	NA	NA	NA	NA	NA	-6.08839668923623
Sdad1	NA	NA	NA	NA	NA	-0.616266130177237
Sdc3	-0.810886148993433	-0.788013070090048	-0.869373865757607	-0.846500786854222	-0.902789885031452	-0.879916806128067
Sdc4	NA	NA	NA	NA	-0.88670239729898	-0.807495232241153
Sdk1	NA	NA	NA	NA	-0.766167060636813	NA
Sec14l2	0.925965820148742	1.08203394545913	NA	NA	NA	NA
Sec16a	NA	NA	NA	NA	-0.680221999113557	-0.595723417546302
Selm	NA	NA	0.757881183488265	NA	0.694865036273976	0.621256198226227
Sema4a	-0.89144182597693	NA	-0.919220011662399	-0.881431384467527	NA	NA
Sema6d	NA	NA	-1.22796191747879	NA	-1.54249351213136	NA
Senp5	NA	NA	NA	NA	-0.620974098072559	NA
Sept1	NA	NA	NA	NA	NA	-2.5279865261136
Sepw1	0.694419338118936	NA	0.940735177399378	NA	NA	NA
Serinc5	NA	NA	NA	0.68065611005426	NA	NA
Serpinb12	NA	NA	NA	NA	NA	-4.83743763420411
Serpinb1a	NA	NA	NA	NA	NA	-8.71575112838048
Serpinb1b	NA	NA	NA	NA	NA	-5.3098057036937
Serpinb8	NA	NA	NA	NA	-4.98402403660044	-3.32597822937497
Serpine1	NA	NA	NA	NA	1.9228906383084	NA
Setbp1	NA	-1.62391814649018	NA	NA	NA	NA
Setd2	NA	NA	NA	NA	-0.635463878979865	NA
Setd5	NA	NA	NA	NA	-0.709251720396555	NA
Setdb2	NA	NA	NA	NA	NA	-0.849700437151062
Sez6l	NA	NA	NA	NA	NA	-3.04495470357165
Sf3a2	NA	NA	NA	NA	NA	0.594165301454065
Sfmbt1	NA	NA	NA	NA	-0.746728733869829	NA
Sgk1	NA	NA	NA	NA	0.585452575922204	NA
Sgsm3	0.648320359752243	NA	NA	NA	0.980575620395694	0.711585342576821
Sh2d3c	NA	NA	-0.650988320665347	NA	NA	NA
Sh2d5	NA	NA	NA	NA	2.72223851133228	NA
Sh3bp5	NA	NA	0.658941478562851	NA	0.760827069839844	0.609972097825604
Sh3gl2	NA	NA	4.87395931018479	5.86092122087057	NA	NA
Sh3pxd2b	3.63645164412342	NA	NA	NA	NA	NA
Shcbp1l	NA	NA	NA	NA	-5.51946794237061	-5.41252724513768
Shpk	NA	NA	NA	NA	NA	0.587822251426324
Shprh	NA	NA	NA	NA	-0.697974488707087	-0.681080141559858
Siah1b	NA	NA	NA	NA	NA	-0.724182219775356
Sipa1	NA	NA	NA	NA	0.930756212218837	0.812801780785093
Sipa1l1	NA	NA	NA	NA	-0.952710995690726	NA
Skil	NA	NA	NA	NA	-0.594943261891444	NA
Slamf8	NA	NA	-0.64378926906072	-0.701611807405047	-0.772331595143817	-0.830154133488144
Slamf9	NA	NA	NA	NA	-0.83549603050566	-0.687142479462731
Slc10a1	NA	NA	NA	NA	-1.82287280621073	-1.86832108837454
Slc10a6	3.58245867307526	NA	6.71603394651158	3.80163158032862	4.89496863817182	1.98056627198886
Slc12a2	NA	NA	-0.673681751925805	NA	-1.26277096764074	-1.04473857816743
Slc13a3	NA	NA	NA	NA	0.642016352318811	0.908291082655657
Slc16a10	-0.680607366755694	NA	NA	NA	-1.57908608409722	-1.21025848305743
Slc1a4	-0.859280992469287	NA	-1.38970760530141	-0.851081847199982	-1.41930962256721	-0.880683864465774
Slc1a5	1.19428216862335	NA	1.04797016771569	NA	1.7032088879028	1.08385879843667
Slc25a36	NA	NA	NA	NA	NA	-0.633944055389624
Slc25a53	NA	NA	NA	NA	1.11576097725391	NA
Slc29a3	NA	NA	NA	NA	-0.722815569899411	NA
Slc2a12	NA	NA	NA	NA	NA	-6.22285275076408
Slc2a3	1.0290297528641	NA	1.91465676605052	1.3166169049847	1.53625246527203	0.938212604206209
Slc2a4rg-ps	NA	NA	NA	NA	-1.78868545059894	-1.23993788507335
Slc30a1	NA	NA	NA	NA	-0.857058872255894	-0.717139503108858
Slc35a3	NA	NA	NA	NA	NA	-0.675240983829601
Slc35e2	NA	NA	NA	NA	-0.690458637238982	-0.592100463352796
Slc35g1	NA	NA	1.23799437369349	1.27835043461982	NA	NA
Slc36a2	NA	NA	NA	NA	NA	-0.787962906764727
Slc38a3	NA	NA	NA	NA	NA	-4.96142898006353
Slc38a6	NA	NA	1.40126599181474	NA	NA	NA
Slc39a4	NA	NA	-1.10629146820065	-1.04084405643964	-1.5338463215491	-1.46839890978809
Slc39a8	NA	NA	NA	NA	NA	-0.59132079190836
Slc43a3	NA	NA	NA	-1.37073825650741	NA	-1.50775177484454
Slc4a10	NA	NA	NA	NA	NA	-4.75600041646184
Slc4a7	NA	NA	NA	NA	-0.69364205792152	NA
Slc5a3	NA	NA	NA	NA	NA	-1.61582032428714
Slc7a1	NA	NA	-0.945420278118123	NA	-1.2441302885099	NA
Slc7a5	NA	NA	-0.698704390263411	NA	-1.22260240853087	-0.613676366773984
Slc7a6	NA	0.674140183200146	NA	NA	NA	NA
Slc8a1	NA	NA	NA	NA	-1.15083224242817	-0.806150693403135
Slc9a3r1	NA	NA	NA	NA	0.670815218682761	NA
Slc9a3r2	NA	NA	NA	NA	1.8347625503057	1.57875770420017
Slc9a6	NA	NA	NA	NA	NA	-0.633178165754492
Slc9a7	NA	NA	NA	-0.701789248403586	NA	-0.831901152581214
Slco1c1	NA	NA	NA	NA	NA	-6.27514593426028
Slfn2	NA	NA	NA	-0.789416967675559	NA	NA
Slfn5	NA	NA	NA	NA	NA	-1.1026260827994
Slk	NA	NA	NA	NA	-0.662796246049484	NA
Smad3	NA	NA	NA	NA	-0.87723313267289	NA
Smad5	NA	NA	NA	NA	-0.82853035785665	-0.698369992295336
Smad6	NA	NA	NA	NA	NA	0.787516841684558
Smarcc1	NA	NA	NA	NA	-0.661241071212216	NA
Smc5	NA	NA	NA	NA	NA	-0.664539630125856
Smco1	NA	NA	NA	NA	-2.5539045832592	-3.12652891192694
Smco4	NA	NA	-1.83616696077684	NA	NA	NA
Smcr8	NA	NA	NA	NA	-0.886261000810516	-0.690085955290205
Smg1	NA	NA	NA	NA	-0.963795712684423	-0.873209707175624
Smg6	NA	NA	NA	NA	-0.620608149215557	NA
Smim3	0.727144023278427	NA	0.63867404566986	NA	0.946011683861754	NA
Smim5	NA	NA	NA	NA	NA	-3.16076630880844
Smpd2	NA	NA	NA	NA	NA	0.585547179582231
Snapc1	NA	-0.702721136903671	NA	NA	NA	-0.706327381713663
Snhg10	NA	NA	NA	NA	NA	-1.57790024974693
Snhg17	NA	NA	NA	NA	1.8823081068313	1.19277202627115
Snhg7	NA	NA	NA	NA	NA	-0.779919069568412
Snora28	NA	NA	NA	NA	-1.14382703137347	-1.26614361284585
Snora33	NA	NA	NA	NA	NA	-2.07617870901328
Snora43	NA	NA	NA	NA	NA	-2.64081418629982
Snora65	NA	NA	NA	NA	NA	-2.290348217134
Snora81	NA	NA	NA	NA	NA	-3.33018488605202
Snord100	NA	NA	NA	NA	NA	-2.16150188727253
Snord17	NA	NA	NA	NA	-1.69574359983163	-1.62941502980901
Snord47	NA	NA	NA	NA	NA	-2.92162473528221
Snph	NA	NA	-0.919377019611967	NA	NA	NA
Snrpc	NA	NA	NA	NA	0.811505356761867	0.63650084754766
Snx29	NA	NA	NA	NA	NA	-0.917743516116956
Snx7	NA	NA	NA	NA	NA	-0.619220313217053
Soga1	-0.599738942389943	NA	NA	NA	-0.714800192893482	NA
Sp4	NA	NA	NA	NA	-0.933977079717037	-0.590592327624716
Spag5	NA	NA	NA	NA	NA	-4.52389386988785
Spata21	NA	NA	NA	NA	NA	-2.55333766690561
Spata2l	NA	NA	NA	NA	0.605809973060318	0.631855914650502
Spen	-0.818440214606108	NA	-0.663045104756532	NA	-0.824344835949093	NA
Spice1	NA	NA	NA	NA	NA	0.67662659464448
Spns3	-0.731274834170768	NA	-0.740022547743318	NA	-1.1512567889034	-0.923351048628953
Spopl	NA	NA	NA	NA	NA	-0.781464337443264
Sppl2a	NA	NA	NA	NA	-0.595114505270334	-0.646387540491926
Spr	NA	NA	NA	NA	NA	0.639094064653153
Spred1	NA	NA	NA	NA	NA	-0.595957571780368
Spsb1	NA	NA	NA	NA	NA	0.595910448871136
Srcap	NA	NA	NA	NA	-1.01708134713464	-1.00405779413675
Srrt	NA	NA	NA	NA	0.774613888502516	0.597896559382725
Ssbp2	0.628975747896936	NA	NA	NA	0.793717928758806	0.619946138259325
Ssbp3	NA	NA	NA	NA	0.792109540732951	NA
Sspn	NA	NA	NA	NA	NA	-1.01185869390104
Ssr1	NA	NA	0.585031062653715	NA	NA	NA
St14	NA	NA	NA	NA	NA	0.751478676966913
St5	NA	NA	0.684796886072638	NA	NA	NA
St8sia6	NA	-0.964369010437689	-0.877516617314815	-1.61473524670607	NA	-1.10175152388034
Stard10	NA	NA	NA	NA	NA	1.44592446023703
Stard3nl	NA	-0.606059272382086	NA	NA	NA	-0.621007944754311
Stat1	NA	NA	NA	NA	-0.665229277409835	-0.653787099598555
Stil	NA	NA	NA	NA	NA	-8.43079362640514
Stip1	NA	NA	NA	NA	0.819896760934334	NA
Stk11	NA	NA	NA	NA	1.03154581415825	1.01513865535257
Stk17b	0.596767064142663	NA	0.650997868236873	NA	0.623999928351074	NA
Stk35	NA	NA	NA	NA	-1.05375809979424	NA
Stmn1	0.72539439665311	NA	NA	NA	0.900605300705879	NA
Ston1	NA	NA	2.23275800732643	NA	NA	NA
Strbp	NA	NA	NA	NA	0.680141673485392	NA
Stxbp4	NA	NA	NA	NA	NA	-0.648778498340246
Styx	NA	NA	NA	NA	NA	-1.68961805669624
Sugct	NA	NA	NA	-2.10046776984658	-2.66111302372307	-3.13474431077308
Sugp2	NA	NA	NA	NA	NA	-0.687506036694573
Sulf1	NA	NA	NA	NA	NA	-7.25445787539785
Sulf2	NA	NA	NA	NA	-0.801720239434671	-0.662108838290967
Sult1a1	1.22058033132493	0.808500837696849	1.59094505661339	1.17886556298531	2.25842148917055	1.84634199554246
Sumo2	NA	NA	NA	NA	-1.50012385516312	-1.19028862963796
Suox	NA	0.639864130896703	NA	0.623711361535882	NA	NA
Supt16	NA	NA	NA	NA	-1.03151286752264	-0.745417499002853
Susd1	NA	NA	NA	NA	-0.968237493979071	NA
Kmt5c	NA	NA	NA	NA	0.859209079047591	0.658624239774754
Syp	NA	NA	NA	0.869762353630079	NA	0.809749063173361
Syt3	NA	NA	NA	0.776136654482923	0.686287586147125	1.16519576990042
Szt2	NA	NA	NA	NA	-1.39890539264847	-0.993471588094544
Tacc3	NA	NA	NA	NA	NA	-0.664010943461176
Taf15	NA	NA	NA	NA	-1.72968704470722	-1.41128851224262
Tagap	NA	NA	0.702212416139843	NA	0.827088553156896	NA
Tal1	-0.797777688497509	NA	-0.661261343991215	NA	NA	NA
Tanc2	NA	NA	NA	NA	-0.732120269217886	-0.621236784569648
Tango2	NA	NA	NA	NA	0.601871024148078	NA
Tbc1d2	NA	NA	NA	NA	-4.82857948894333	-5.68795769727838
Tbc1d24	NA	NA	NA	NA	NA	-0.807484521363052
Tbc1d25	NA	NA	NA	NA	NA	0.618289273863167
Tbl1xr1	NA	NA	NA	NA	NA	-0.671936305465562
Tbrg3	NA	NA	NA	NA	NA	-1.47973296860649
Tbrg4	NA	NA	NA	NA	NA	0.663695694060242
Tcea2	NA	NA	NA	NA	NA	0.654841668629294
Tcf20	NA	NA	NA	NA	NA	-0.894520918889432
Tcof1	NA	NA	NA	NA	NA	0.777499357481734
Tcp11l2	NA	NA	NA	NA	0.60126373817308	NA
Tctex1d4	NA	NA	NA	NA	NA	-1.79744529638385
Tctn1	NA	NA	NA	NA	-0.84382223772323	NA
Tef	NA	NA	-0.731260634435217	NA	-0.648152750583268	NA
Tenm2	NA	NA	NA	NA	NA	3.64826269802295
Tes	NA	NA	NA	NA	0.646445364260546	NA
Tet1	NA	NA	NA	NA	-1.41014873184862	-0.79152802671939
Tet2	NA	NA	NA	NA	-0.891383494928401	-0.97842033714101
Tex12	NA	NA	NA	NA	-1.00285458592127	-1.02284008958927
Tgfbi	-0.72572484741919	NA	NA	NA	NA	NA
Tgfbr1	NA	NA	NA	NA	-0.595129619458653	-0.658961834998961
Tgtp1	NA	NA	NA	NA	NA	-4.0139972493097
Thbs1	0.949213891985434	NA	NA	NA	NA	NA
Thnsl2	NA	NA	NA	NA	0.660101496337401	0.618670031873745
Thop1	NA	NA	NA	NA	NA	0.693163798597868
Thsd1	NA	NA	1.12627516280389	1.25606823102231	NA	0.868921700564649
Tia1	NA	NA	NA	NA	NA	-0.622371339590113
Tiam1	NA	NA	NA	NA	-2.67925813455784	-1.57254154561225
Ticam1	NA	NA	NA	NA	-0.811391115371188	NA
Tk1	NA	NA	NA	-1.53618820858085	NA	-1.1792358079502
Tkfc	NA	NA	-0.791115899212714	NA	NA	NA
Tlcd1	2.69027440341347	NA	2.55700498348169	NA	2.58259402356063	NA
Tlr1	NA	NA	NA	NA	NA	-0.610701845810546
Tlr12	NA	NA	-0.645379901297045	NA	NA	NA
Tlr2	NA	NA	NA	NA	-0.707469647776593	NA
Tlr5	NA	NA	-0.586009351710526	NA	-0.923413279725887	-0.819215725400388
Tlr7	0.648519670601824	NA	0.853056232415247	NA	0.601590155289202	NA
Tm6sf1	NA	NA	NA	NA	0.623767562354687	NA
Tmc4	-3.51128222974219	NA	NA	NA	NA	NA
Tmcc2	NA	NA	NA	NA	NA	0.860186164723082
Tmed1	NA	NA	0.654781375813959	0.687129738893677	NA	NA
Tmed8	NA	NA	NA	NA	-1.09611982979473	-0.838000707561747
Tmem104	NA	NA	NA	NA	0.613558128355441	NA
Tmem144	NA	NA	NA	NA	-0.818738531395225	NA
Tmem150b	NA	NA	1.62914217086675	NA	NA	NA
Tmem178	NA	NA	NA	NA	NA	-4.54958318550418
Mfsd13a	NA	0.646938530617369	NA	NA	NA	NA
Tmem181a	0.659074053440728	NA	NA	NA	NA	NA
Tmem184c	0.648685310708708	NA	NA	NA	NA	NA
Tmem220	NA	NA	NA	NA	NA	-0.725391259410235
Tmem238	NA	NA	NA	NA	NA	1.00513388584747
Tmem263	NA	NA	NA	NA	-0.691545030313513	NA
Tmem29	NA	NA	NA	NA	NA	-0.587475840171522
Tmem38a	NA	NA	1.02707844597867	NA	NA	NA
Tmem40	NA	NA	NA	NA	NA	-3.0981678777639
Tmem59l	NA	NA	NA	NA	NA	-4.8751952303823
Tmem62	NA	NA	NA	NA	1.00552168882382	NA
Tmem63b	NA	NA	NA	NA	0.595911234863781	0.627185369483887
Tmem64	NA	NA	NA	NA	-0.701930499367069	-0.60281442042149
Tmf1	NA	NA	NA	NA	-0.683346132658309	-0.632870013020312
Tmod1	NA	NA	1.9671254061204	1.58873383657526	2.50164933380888	2.12325776426375
Tmsb10	NA	NA	NA	NA	0.723246155197544	NA
Tmtc4	NA	NA	NA	NA	NA	-0.776262829132179
Tmx4	NA	NA	NA	NA	-0.662358782321006	NA
Tnfaip2	NA	NA	-0.743328831148585	NA	-0.618880552446299	NA
Tnfaip3	NA	NA	NA	NA	-0.685014085965463	NA
Tnfrsf17	-0.782500771596531	NA	-0.969004489828767	-0.689549908853016	-0.951578480822083	-0.672123899846332
Tnfrsf26	NA	NA	NA	1.99883333012639	NA	NA
Tnfsf12	NA	NA	NA	NA	0.873503206470715	0.789754400995242
Tnfsf13	NA	NA	NA	NA	1.00964678721582	0.871494424110113
Tnfsf8	NA	NA	NA	-1.45442271977162	NA	NA
Tnpo1	NA	NA	NA	NA	-0.728476574935534	NA
Tns3	NA	NA	NA	NA	-0.824048544944498	-0.622608610481217
Tomm6os	NA	NA	NA	NA	NA	-2.87583611610729
Tomt	NA	NA	NA	NA	-1.19827555139495	-1.44077048564983
Top2a	-3.0602581249483	-4.47664745887638	NA	-2.81986196965042	NA	NA
Tpcn1	-0.773826089402706	NA	NA	NA	NA	NA
Tpgs1	NA	NA	NA	NA	NA	0.623252146151831
Tpk1	-0.787465236762279	NA	NA	NA	-0.683355608283435	NA
Tpmt	NA	NA	NA	NA	NA	-1.05744706066802
Tpx2	NA	NA	NA	NA	NA	-1.68993707269718
Tra2b	NA	NA	NA	NA	-0.593101659769892	NA
Traf3	NA	NA	-1.05379586967858	NA	-1.13172064220985	-0.72378646839754
Trdmt1	NA	NA	NA	NA	NA	-0.796413048540378
Trem3	NA	NA	NA	NA	-5.98864270352341	-7.29188777101744
Trex1	NA	NA	-0.610694780053268	NA	NA	NA
Trim13	NA	NA	NA	NA	-0.727619534377995	NA
Trim25	NA	NA	NA	NA	-0.766270582577059	NA
Trim56	-0.921996540613855	NA	NA	NA	NA	NA
Trio	NA	NA	NA	NA	-1.26729161585716	-0.848144059122991
Trip10	NA	NA	NA	NA	0.701655399795891	0.821466231603547
Trip11	NA	NA	NA	NA	-1.10808280177986	-0.666372718730263
Trit1	NA	NA	NA	NA	0.728231411369407	NA
Trmt13	NA	NA	NA	NA	NA	-0.814369727471874
Trove2	NA	NA	NA	NA	-0.621247133852336	NA
Trp53bp1	NA	NA	NA	NA	-0.685844420610096	-0.616949500738902
Trp53cor1	NA	NA	-1.20761390065576	-0.977994424008921	-1.21586491661612	-0.986245439969284
Trpm7	NA	NA	NA	NA	NA	-0.606580554430333
Trps1	NA	NA	NA	NA	NA	-1.57045284790473
Trpv4	NA	NA	1.17200103636873	1.09891953197247	1.15509251827711	1.08201101388085
Tsc1	NA	NA	NA	NA	-0.960579168041173	NA
Tsc22d1	NA	NA	NA	NA	1.01326694516124	0.790369366481891
Tsc22d3	1.49061441649514	NA	2.23421679198776	0.962286260059334	2.66130148800133	1.38937095607291
Tspan13	NA	NA	0.608543430227221	NA	NA	NA
Tspan33	0.643802349325636	NA	0.664920242562049	0.604160296787941	0.768432574382458	0.707672628608351
Tspan8	NA	NA	NA	2.04632972878709	NA	NA
Tspear	NA	NA	NA	NA	NA	-4.34630039248244
Ttc14	NA	NA	NA	NA	-0.597487425491875	-0.640732845047965
Ttc26	NA	NA	NA	NA	NA	-3.91386061660872
Ttc8	NA	NA	NA	NA	-0.641094251697494	-0.772224932116993
Ttll13	NA	NA	NA	NA	-5.74282473768405	NA
Tub	NA	NA	NA	NA	NA	-3.8532000194457
Tuba4a	0.994928822278314	1.26715995944201	0.589922058142739	0.86215319530643	0.617387566417707	0.889618703581398
Tuba8	NA	NA	NA	NA	-4.83613518702026	-4.06304006875591
Tubb2b	NA	NA	-0.673175839901795	NA	NA	NA
Tubb6	NA	NA	-0.7120370395191	NA	NA	NA
Tug1	NA	NA	NA	NA	-0.586372216783188	-0.797424133104907
Tulp4	NA	NA	NA	NA	-0.96769668692261	-1.02968223562508
Tvp23a	NA	NA	NA	NA	NA	-1.05709709236096
Txlng	NA	NA	NA	NA	0.815039047417582	0.612931326315111
Txndc16	NA	0.613148144586399	NA	NA	NA	NA
Ubald1	NA	NA	NA	NA	0.81608650141997	0.724979783047715
Ubash3b	NA	NA	-0.638285580511056	NA	NA	NA
Ube2c	NA	-3.41508752768374	NA	NA	NA	NA
Ube2o	NA	NA	NA	NA	NA	0.740851628156904
Ube2s	NA	NA	NA	NA	NA	0.616404933462503
Ubr1	NA	NA	NA	NA	-0.707564665467026	NA
Ubr3	NA	NA	NA	NA	-0.611250468727051	NA
Ubr4	NA	NA	NA	NA	-0.796317828754795	-0.66785604178396
Ubr5	NA	NA	NA	NA	NA	-0.62677788006599
Uchl4	NA	NA	NA	NA	NA	-1.49042772912045
Uckl1os	NA	NA	NA	NA	NA	-2.01770528638708
Ucp2	NA	NA	0.638928429507869	NA	1.2518310320418	1.08206186171105
Uhmk1	NA	NA	NA	NA	-0.707122889945768	-0.793350672393581
Uhrf1	NA	NA	-2.09608605709232	-2.4257319966017	NA	-1.38468828160501
Unc45a	NA	NA	NA	NA	0.627016868565293	0.852118923075078
Upk1b	-0.624730122988127	NA	NA	NA	NA	NA
Urb1	NA	NA	NA	NA	-0.916039223835229	NA
Uros	NA	NA	NA	-0.641836261637678	NA	NA
Usp18	NA	NA	-1.02492163434485	-1.15144329831532	NA	-0.77437812428203
Usp19	NA	NA	NA	NA	0.585149123882207	0.598197388883452
Usp32	NA	NA	NA	NA	-0.673187035580309	NA
Usp34	NA	NA	NA	NA	-1.28234176296049	-0.744430510689918
Usp35	-0.813123444922261	NA	-0.804686450063863	NA	-0.811680272125686	NA
Usp36	NA	NA	-0.612000876723583	NA	-0.622962063948125	NA
Usp37	NA	NA	NA	NA	-0.625742547608008	-0.622530807587393
Usp9x	NA	NA	NA	NA	-0.740958071223217	-0.998293930171076
Utrn	NA	NA	NA	NA	-1.01053769934944	-1.50221537012981
Vamp1	NA	NA	NA	NA	NA	-1.0862236516611
Vamp7	NA	NA	NA	NA	NA	-0.617685240153223
Vcl	NA	NA	NA	0.904726773450549	-0.874101550860682	NA
Vcpip1	NA	NA	NA	NA	-0.774337276467114	-0.691370192805532
Vdac1	NA	NA	NA	NA	-0.598325284506811	NA
Vegfa	NA	NA	-2.98883879931745	NA	-2.48387716185168	-2.10548660105488
Vipr1	NA	NA	NA	NA	NA	0.643878051188514
Vkorc1l1	NA	NA	NA	NA	NA	-0.718697016002409
Vopp1	NA	NA	NA	0.930440419389825	NA	NA
Vps13a	NA	NA	NA	NA	-1.16821710771972	-1.32431378483893
Vps13b	NA	NA	NA	NA	-0.903980717245823	-1.16073543877982
Vps13c	NA	NA	NA	NA	-1.66130860100296	-1.33221979841623
Vps13d	NA	NA	NA	NA	-1.21426198896132	-1.06872278229231
Vps37d	NA	NA	NA	NA	NA	1.55808244398693
Wbp2	NA	NA	NA	NA	NA	0.603768327048129
Wbscr27	NA	NA	NA	1.50444440009548	NA	NA
Wdfy1	3.12384538604803	2.30839291032316	3.4949356614786	2.67948318575373	3.98084471879119	3.16539224306632
Wdfy2	NA	NA	NA	NA	-0.628702797212317	NA
Wdfy4	NA	NA	NA	NA	-0.798318981680506	NA
Wdr45	NA	NA	NA	NA	NA	0.739995923323079
Wdr7	NA	NA	NA	NA	-0.644031280322977	NA
Wdr70	NA	NA	NA	NA	NA	0.60433445660684
Wdr83	NA	NA	NA	NA	NA	0.606911125128588
Wdr91	NA	NA	NA	NA	NA	0.62722171849547
Wee1	NA	NA	NA	-3.51550852671889	NA	-4.06559517341499
Wfdc21	NA	NA	NA	NA	NA	-9.26359117259899
Wnt2b	NA	NA	NA	NA	NA	-2.00079352042981
Wrap53	NA	NA	NA	NA	0.623963483800044	NA
Wrn	NA	NA	NA	NA	NA	-0.771402418929237
Wsb1	NA	NA	NA	NA	-0.63640657033432	NA
Wscd1	-1.20547953290405	-0.793346994057219	-0.90564742126746	NA	-1.14560844988018	-0.733475911033348
Wwc1	NA	NA	NA	NA	2.85970860975149	NA
Wwc2	NA	NA	-0.63601522763113	NA	NA	NA
Xaf1	NA	NA	NA	-0.655304742511319	NA	NA
Xdh	NA	NA	NA	2.64656670185953	NA	NA
Xk	NA	NA	NA	NA	NA	-1.2812035853391
Xlr4a	NA	NA	NA	NA	NA	-1.4059463149124
Xpa	NA	NA	NA	0.592015898857974	NA	NA
Xpr1	NA	NA	NA	NA	-1.53607541312683	-1.05057958227629
Xrn1	NA	NA	NA	NA	-0.615611294079336	-0.589398618969438
Xylb	NA	NA	NA	NA	0.71881457075519	NA
Yes1	NA	NA	NA	NA	NA	-0.660046539002356
Ylpm1	NA	NA	NA	NA	-0.623680334055451	NA
Yod1	NA	NA	NA	NA	NA	-1.07348349481589
Ypel3	NA	NA	NA	NA	0.690158718741524	0.645282843797394
Zbp1	NA	NA	NA	NA	NA	-1.11537175039627
Zbtb16	NA	NA	6.14426022062232	NA	6.30078194106796	3.44415760648443
Zbtb26	NA	NA	NA	NA	NA	-0.884785698233682
Zbtb32	NA	NA	NA	NA	-4.06786867652831	NA
Zbtb34	NA	NA	NA	NA	NA	-0.603958408565999
Zbtb38	NA	NA	NA	NA	-0.729572354934567	NA
Zbtb41	NA	NA	NA	NA	-1.47040627973494	-1.06266375912634
Zbtb5	NA	NA	NA	NA	-0.848195439435313	-0.612777589598348
Zc3h12c	NA	NA	NA	NA	NA	-0.613624257734163
Zc3hav1	NA	NA	NA	NA	-0.68548528444565	NA
Zc3hav1l	NA	NA	NA	NA	NA	-1.5269986401251
Zcchc18	NA	NA	NA	NA	-4.77162681311973	-3.38117032938219
Zdhhc21	NA	NA	NA	NA	-1.00860973983602	-0.879183036722387
Zfand2b	NA	NA	NA	NA	NA	0.60841524544697
Zfand6	NA	NA	NA	NA	0.670838353042337	NA
Zfc3h1	NA	NA	NA	NA	-0.75208946001723	-0.737972736420417
Zfhx4	NA	NA	NA	NA	NA	4.80722714830584
Zfp11	NA	NA	NA	NA	NA	-1.00795211606301
Zfp174	NA	NA	NA	NA	-1.34070488765507	-1.09281697598446
Zfp26	NA	NA	NA	NA	-1.04173221562914	-1.05159899021184
Zfp275	NA	NA	-0.701872375666065	NA	-0.898685837054285	NA
Zfp280c	NA	NA	NA	NA	NA	-0.922785063459325
Zfp292	NA	NA	NA	NA	-0.709253062618271	NA
Zfp318	-0.743029098246332	NA	NA	NA	-1.02065921859745	NA
Zfp324	NA	NA	NA	NA	-0.978032328093856	NA
Zfp329	NA	NA	NA	NA	NA	-0.784740054954365
Zfp346	NA	NA	NA	NA	NA	0.853008672600977
Zfp36	NA	NA	NA	NA	NA	0.706477668781367
Zfp369	NA	NA	NA	NA	-1.51354043942636	-1.14638195843003
Zfp36l1	NA	NA	NA	-0.738486050451929	NA	-0.765961463723853
Zfp397	NA	NA	NA	NA	NA	-0.765766906255083
Zfp407	NA	NA	NA	NA	-0.84939010702919	-0.96618357801401
Zfp414	NA	NA	NA	NA	NA	0.613165442757437
Zfp445	NA	NA	NA	NA	-0.664878285987723	NA
Zfp456	NA	NA	-0.760364476503531	NA	-0.762988934971243	NA
Zfp507	NA	NA	-3.19338758259994	NA	NA	NA
Zfp518a	NA	NA	NA	NA	-0.776793444526749	-0.659018359466424
Zfp521	NA	NA	NA	NA	NA	-2.71935235226637
Zfp558	NA	NA	NA	NA	-0.983661511219422	-0.922298925918304
Zfp597	NA	NA	NA	NA	-0.822836691628026	-0.902675875616906
Zfp606	NA	NA	NA	NA	NA	-0.679290828297773
Zfp607a	NA	NA	NA	NA	-0.773874991311516	NA
Zfp626	NA	NA	NA	NA	-0.949125093598568	-0.923102221267299
Zfp641	2.90787756365214	NA	NA	NA	NA	NA
Zfp654	NA	NA	NA	NA	-1.01112836834815	-0.849033359164248
Zfp69	-0.881745827362904	-0.978598529703528	NA	NA	-0.717045213802874	-0.813897916143499
Zfp691	NA	NA	NA	NA	-0.875745322419608	NA
Zfp712	NA	NA	NA	NA	NA	-0.667014465454015
Zfp729a	NA	NA	NA	NA	-0.870194372130534	NA
Zfp750	NA	NA	NA	NA	NA	-2.81290025370069
Zfp758	NA	NA	NA	NA	-0.746802516197876	NA
Zfp770	NA	NA	NA	NA	-0.849538691300339	-0.834825131726149
Zfp771	NA	NA	NA	NA	NA	0.586519622733688
Zfp821	NA	NA	NA	0.894410880147988	NA	0.627726792182579
Zfp85os	NA	NA	NA	NA	NA	-1.40536622208225
Zfp867	NA	NA	NA	NA	-0.917397029118747	NA
Zfp882	NA	NA	NA	NA	NA	-0.894724704478299
Zfp934	NA	NA	NA	NA	NA	-0.998626179152104
Zfp938	NA	NA	NA	NA	NA	-0.699764923215378
Zfp940	NA	NA	NA	NA	1.09698361103382	0.856904338445806
Zfp950	NA	NA	NA	NA	NA	-0.862817792215956
Zfyve16	NA	NA	NA	NA	NA	-0.822356593644784
Zfyve9	NA	NA	NA	NA	-2.11257483797115	NA
Zik1	NA	NA	NA	NA	NA	-0.770950321560426
Zkscan2	NA	NA	NA	NA	NA	-1.36459566257095
Zkscan8	0.913389128320251	1.0382793257818	NA	NA	NA	NA
Zmat1	NA	NA	NA	NA	NA	-0.636465231627511
Zmiz1	NA	NA	-0.766050309777029	NA	NA	NA
Zmym2	NA	NA	NA	NA	-0.644660071491956	NA
Zmynd15	NA	NA	-1.32183360536698	-1.62548478172656	NA	NA
Zrsr2	NA	NA	NA	NA	NA	-0.623812547231796
Zufsp	NA	NA	NA	NA	NA	-0.598500255257741
Zw10	NA	NA	NA	NA	0.638085024784947	NA
Zxda	NA	NA	NA	NA	-0.788375458480921	-0.820544097415496
Zzef1	NA	NA	NA	NA	NA	-0.783733109835897
